79.73587799072266,14.165367126464844,33.49014663696289,12.998011589050293,20.626617431640625,8.240652084350586
114.79902648925781,69.61116790771484,49.946651458740234,32.71576690673828,34.119972229003906,22.284536361694336,18.862417221069336
198.88946533203125,172.97154235839844,61.01312255859375,38.937870025634766,51.477115631103516,15.783931732177734,13.497626304626465
98.28801727294922,66.56857299804688,42.76478958129883,21.24867057800293,27.58869743347168,20.588470458984375,10.843544960021973,19.74188995361328
62.174983978271484,51.11642837524414,32.798213958740234,36.38554000854492,24.119640350341797
40.75559997558594,34.475215911865234,41.75275421142578,13.436868667602539
122.92085266113281,114.2135009765625,41.3175048828125,28.335248947143555,23.091079711914062,26.063570022583008
92.17648315429688,97.36406707763672,25.17092514038086,17.195528030395508
120.75977325439453,86.10050964355469,46.61079406738281,39.06212615966797,49.48637771606445,24.6081485748291
56.11494064331055,46.695091247558594,46.99829864501953,35.67304229736328,34.437660217285156,26.181171417236328
77.4261703491211,62.385440826416016,71.75955200195312,49.2227783203125
99.6972427368164,55.69771194458008,31.511537551879883,43.19990921020508,43.19568634033203,14.205102920532227
84.747802734375,40.317108154296875,24.69795036315918,10.28414535522461,8.410055160522461
121.78856658935547,116.97806549072266,76.03067016601562,50.01683044433594,43.33371353149414,19.19173240661621,15.361416816711426
137.67300415039062,101.22651672363281,42.64640808105469,43.26230239868164
114.8080062866211,81.41123962402344,49.71571731567383,48.52650451660156,26.230487823486328
222.07676696777344,162.5293426513672,93.98771667480469,77.6457290649414,69.863037109375,69.38241577148438
67.48969268798828,61.16166305541992,50.78507995605469,29.589279174804688
98.65336608886719,82.6514663696289,50.34499740600586
86.63086700439453,71.87541961669922,61.17567825317383,18.59490394592285,33.76191711425781,21.2154483795166,19.109024047851562,14.591873168945312
72.47272491455078,15.424762725830078
95.09369659423828,53.75111389160156,17.60282325744629,16.93610954284668,15.084585189819336,22.03404998779297,20.768831253051758,16.69672203063965
166.1453399658203,122.34241485595703,93.56876373291016,64.10403442382812,10.196310997009277
92.79468536376953,40.382347106933594
162.4569549560547,115.26231384277344,90.84723663330078,82.12616729736328,35.149532318115234,26.071807861328125,16.618206024169922
121.88406372070312,64.0107421875,48.38632583618164,33.403350830078125
75.41271209716797,70.33428192138672,51.37030029296875,51.17812728881836,35.571102142333984
64.92528533935547,48.50360870361328,41.80712890625,23.004098892211914
67.8917465209961,61.21015167236328,49.954654693603516,26.16162109375,17.60113525390625,20.479900360107422
55.10578536987305,39.70682144165039,47.67450714111328,47.285274505615234,28.55270004272461,15.0872802734375
146.31289672851562,72.00270080566406,34.70685958862305,36.86543655395508,30.619279861450195,23.298479080200195,17.24549674987793,10.46649169921875,13.48936939239502
56.67539978027344,46.972503662109375,48.543556213378906,24.7763729095459
105.768310546875,100.79598999023438,52.58368682861328,55.91035461425781,26.933557510375977,21.972515106201172
73.18738555908203,44.300132751464844,38.035221099853516,15.671509742736816
109.9173355102539,97.393310546875,37.11362075805664,26.44046401977539,17.9222469329834,26.077932357788086,15.42553424835205
112.6707992553711,53.329742431640625,38.311492919921875,27.961589813232422,32.561607360839844,11.662726402282715,15.678071975708008
96.79115295410156,78.3296890258789,43.0793571472168,37.25226974487305,14.852434158325195
75.43603515625,62.224891662597656,48.53623962402344,33.662593841552734,13.29150676727295,23.75926971435547,8.850425720214844,18.651466369628906,13.872097969055176
90.43226623535156,62.087398529052734,32.84237289428711,28.419645309448242,30.274635314941406,20.536643981933594
95.78184509277344,75.63076782226562,35.92122268676758,8.038453102111816,16.796663284301758
70.80889892578125,55.05506134033203,36.154747009277344,34.34451675415039,8.367287635803223
99.3564224243164,42.097450256347656,22.808639526367188,10.117703437805176
73.26065063476562,54.176910400390625,20.19401741027832,27.245298385620117,11.562528610229492,12.68584156036377
134.47927856445312,102.76356506347656,68.39462280273438
87.3360595703125,37.54842758178711,10.184913635253906,29.546205520629883,20.384103775024414
67.95189666748047,60.129913330078125,50.93784713745117,44.313106536865234,28.993724822998047
69.90166473388672,63.039886474609375,47.697853088378906,22.70879554748535,24.391923904418945
55.99732208251953,50.608375549316406,45.381561279296875,27.771163940429688,16.303281784057617
43.888511657714844,23.68880271911621,15.721855163574219,14.941570281982422
160.42794799804688,119.82020568847656,70.0195083618164,47.121604919433594,20.810649871826172
55.62016677856445,58.21383285522461,66.01818084716797,58.92501449584961,56.71062088012695,26.523839950561523
89.87464141845703,69.25331115722656,50.1925048828125,45.12959671020508,36.800025939941406,28.041776657104492,13.074945449829102
135.18873596191406,73.77828979492188,61.1409912109375,48.80504608154297,32.38972473144531
145.7456512451172,29.471466064453125
105.62248992919922,42.135467529296875,64.53987121582031,39.904937744140625,22.2759952545166,17.083532333374023,14.52258586883545
82.53861999511719,62.48231887817383,59.715816497802734,16.82420539855957
83.63264465332031,85.53291320800781,50.12040710449219,54.05929183959961,34.935420989990234,36.26688003540039,15.147733688354492
87.15457153320312,67.12650299072266,46.780296325683594,59.57234191894531,37.485435485839844,26.989124298095703,17.4033260345459
90.55201721191406,54.10976028442383,28.234130859375,25.1279239654541,23.902912139892578,25.13117218017578,12.688974380493164
161.87875366210938,89.77963256835938,40.33624267578125,40.73777389526367,45.23885726928711,29.066911697387695
138.41964721679688,114.25730895996094,94.62506103515625,78.69784545898438
59.6446533203125,57.17168045043945,38.72834396362305,31.825817108154297
71.359375,69.33314514160156,72.22837829589844,55.975624084472656,33.71363830566406,19.725440979003906,21.70635986328125,13.970783233642578
109.51654052734375,76.78873443603516,42.1716194152832,28.198373794555664,12.645589828491211
69.32443237304688,50.880706787109375,31.631717681884766,36.81314468383789,28.40802574157715
125.5372085571289,20.582483291625977
78.00849151611328,46.654659271240234,32.83000564575195,22.615978240966797
121.61973571777344,113.20391845703125,42.183982849121094,30.930612564086914,22.267480850219727
74.49749755859375,70.17078399658203,39.60161590576172,32.06609344482422,28.229249954223633,30.820533752441406,25.850616455078125
88.96085357666016,67.14826965332031,60.57293701171875,52.77598571777344,8.455560684204102
82.55398559570312,55.37913513183594,46.445186614990234,20.790786743164062,14.265235900878906
143.3547821044922,50.45539474487305,88.27967071533203,46.086849212646484,40.149662017822266,9.122154235839844,28.568601608276367
92.41912078857422,60.152748107910156,45.09503936767578,26.68235206604004,12.960010528564453
123.90958404541016,117.7408676147461,79.53448486328125,30.64396858215332,23.123689651489258
61.804786682128906,52.2346305847168,26.6693172454834,19.227508544921875,21.26369857788086,16.259981155395508
51.58406448364258,71.2090072631836,88.53091430664062,21.405452728271484,22.294904708862305,11.126103401184082,14.605378150939941
87.80793762207031,51.601497650146484,43.03588104248047,14.51215934753418,29.774023056030273,20.192670822143555
61.55228042602539,49.9830207824707,53.170501708984375,33.3535270690918,28.316246032714844,28.49808692932129,37.672119140625,10.460829734802246,21.48786163330078
56.40931701660156,41.65141677856445,51.125999450683594,35.04802322387695,11.720120429992676,15.00342845916748
33.66963195800781,29.75962257385254,28.417076110839844,8.037381172180176
97.9404525756836,46.938148498535156,47.1076774597168,42.847354888916016,15.893876075744629
66.33355712890625,72.46202850341797,45.63399124145508,38.680503845214844,21.44852638244629,16.569440841674805
133.85549926757812,117.55146789550781,108.78955841064453,14.184102058410645,15.00715446472168,11.41128158569336
69.39122009277344,25.99311065673828,31.983470916748047
78.676513671875,49.00281524658203,22.80803680419922,18.79219627380371
119.02692413330078,106.63348388671875,70.15727233886719,69.082275390625,21.799455642700195,23.04319190979004,15.567567825317383,19.374740600585938
80.68115997314453,64.84569549560547,44.6679573059082,31.554990768432617,21.770370483398438,25.294281005859375,29.47494888305664
51.462120056152344,26.299192428588867,21.835086822509766,10.871041297912598,33.68096160888672,28.854154586791992
67.70491027832031,51.01759338378906,46.15080261230469,29.59975814819336
92.32390594482422,61.52226638793945,35.247581481933594,26.19013786315918,27.35633087158203
117.9988784790039,108.24855041503906,66.47811126708984,48.850624084472656,31.80642318725586,31.725412368774414,13.729813575744629
95.54399108886719,53.01338577270508,56.665462493896484,9.5297212600708
88.20561218261719,27.41112518310547,30.961763381958008,16.66876792907715,15.8164644241333,9.611577033996582
146.58151245117188,79.83055877685547,59.727848052978516,32.029788970947266,12.404510498046875
140.4029083251953,110.12007904052734,55.412925720214844
84.65098571777344,9.143556594848633,49.0486946105957,34.41757583618164,45.68351745605469,32.6840934753418,26.601823806762695,15.96986198425293,18.542423248291016,19.94432258605957,11.258857727050781
34.469459533691406
193.78213500976562,78.51133728027344,52.65740203857422,30.45368766784668
98.79328155517578,74.87468719482422,51.3466682434082,22.799428939819336,30.697914123535156
52.07731628417969,61.01163864135742,44.6550178527832,34.11324691772461,21.564674377441406,14.341070175170898
79.96739959716797,49.03651809692383,53.171546936035156,28.778512954711914,15.316388130187988
80.22122955322266,46.15068435668945,29.201580047607422,40.249900817871094,29.725095748901367,29.519643783569336,30.308734893798828,30.05838394165039,13.944289207458496
77.75463104248047,61.817230224609375,43.914913177490234,18.9901123046875
50.11781692504883,64.66249084472656,8.41698932647705,32.280006408691406,22.76386070251465,16.41787338256836
114.7336654663086,99.57462310791016,52.93195343017578,39.36857604980469,24.88010025024414,21.850839614868164
75.94111633300781,43.457359313964844,18.685100555419922,24.684627532958984
111.25740814208984,47.56892776489258,23.522192001342773,23.494728088378906,13.310456275939941
85.3153076171875,31.043987274169922,21.847352981567383
109.1881103515625,65.84990692138672,66.61160278320312,9.97119140625,47.47816848754883,38.11814498901367,35.08038330078125,28.2860107421875,23.165088653564453,32.67573928833008,13.978048324584961
68.52021026611328,74.68067169189453,63.670101165771484,36.09270095825195,34.557899475097656,30.112262725830078,20.471567153930664,18.733938217163086
76.07534790039062,86.27981567382812,54.78155517578125
104.9301528930664,49.2641487121582,64.19395446777344,31.704574584960938,34.49262237548828,28.845516204833984,12.418776512145996
220.7126007080078,120.1182632446289,98.26725769042969,51.85572814941406,37.949981689453125,28.025602340698242
99.20319366455078,57.44274139404297,45.36577224731445,22.25363540649414,9.639634132385254
82.05266571044922,53.558040618896484,44.99135971069336,21.98052978515625
142.01124572753906,83.49561309814453,68.44283294677734,54.316680908203125,34.50690841674805,19.401803970336914,8.976466178894043
137.40835571289062,144.2701873779297,53.77304458618164,39.613128662109375,53.79545974731445,38.982383728027344,16.72288703918457
133.8884735107422,90.8767318725586,55.88172149658203,27.961042404174805,28.6060791015625,8.706025123596191,15.496174812316895,17.718982696533203
147.88961791992188,136.9425811767578,47.47696304321289,43.4130859375,44.77103805541992,19.04668426513672
57.56156539916992,52.167057037353516,35.399505615234375,40.18010330200195,37.55485153198242,9.893762588500977
125.03733825683594,52.796119689941406,33.24019241333008,31.86530876159668,23.105051040649414,23.00467300415039
127.64630126953125,113.90864562988281,69.4051513671875,56.7918586730957,35.27183151245117
88.19819641113281,89.02145385742188,16.204084396362305,16.980316162109375
123.06053161621094,27.331588745117188,22.29022216796875
38.73001480102539,37.05537414550781,35.63679122924805,33.424781799316406,20.806367874145508,21.42245864868164
185.08218383789062,139.386962890625,55.79208755493164,57.91965866088867,34.36154556274414,22.630611419677734
77.0017318725586,54.903839111328125,27.178998947143555,26.897525787353516,10.675865173339844
74.48436737060547,60.202266693115234,62.54473114013672,39.6798210144043,30.96526336669922,22.45194435119629,19.578378677368164
74.55540466308594,43.39845657348633,45.27159118652344,38.8061408996582,34.30105972290039,21.098369598388672,16.33594512939453
98.46077728271484,86.19078063964844,38.4688720703125,35.903297424316406,13.371232986450195,11.34509563446045,19.099943161010742
50.437469482421875,44.01496124267578,24.200279235839844,38.704769134521484
30.741615295410156,36.5711669921875,26.097909927368164,13.101091384887695,13.332797050476074
137.97731018066406,82.56139373779297,15.847317695617676,15.14827823638916
64.4294662475586,67.14104461669922,50.46147918701172,38.33920669555664,32.288639068603516,32.187255859375,10.858733177185059
85.45726013183594,52.51405715942383,49.153411865234375,47.50053405761719,17.547012329101562,12.367433547973633,13.989521026611328
66.17485809326172,54.23690414428711,49.25249481201172,15.971843719482422
61.921531677246094,70.00276947021484,42.23545455932617,48.54761505126953,25.031646728515625
66.1644515991211,36.888702392578125,47.778926849365234,17.335477828979492
53.71918869018555,39.24143981933594,47.57680130004883,32.389503479003906
105.98963928222656,60.21238327026367,50.879703521728516,34.721641540527344
111.23978424072266,75.36865997314453,72.30294036865234,64.91204071044922,50.69765090942383,17.20047950744629
142.50369262695312,127.44923400878906,108.1305160522461,114.4688720703125,42.30048370361328
48.02900695800781,53.361812591552734,55.24589157104492,39.14810562133789,30.721393585205078,18.794193267822266,12.724241256713867
99.77098846435547,101.98413848876953,52.51552963256836,21.43930435180664,33.082454681396484,23.852882385253906,22.06767463684082,14.388401985168457
81.23344421386719,84.78375244140625,73.01966857910156,12.496529579162598,10.026365280151367,14.155241012573242
115.58323669433594,58.58221435546875,46.76885223388672,10.788529396057129
179.2255096435547,131.93783569335938,107.32935333251953,55.32545852661133,55.814239501953125,33.3785400390625,8.449235916137695
157.82379150390625,49.48781967163086,37.933815002441406,23.32746696472168
45.18909454345703
102.63565063476562,78.98458099365234,41.64887237548828,25.0811824798584
128.6298370361328,9.726432800292969,21.834394454956055,16.211706161499023,21.587682723999023,28.414749145507812,11.063289642333984,20.84110450744629
70.1462631225586,73.5177001953125,43.56756591796875,27.615535736083984
42.165565490722656,24.813613891601562
106.30677795410156,35.4951286315918
60.92063522338867,70.1810302734375,37.08790588378906,36.48906326293945,27.60537338256836,9.818914413452148
58.667640686035156,73.8352279663086,54.91214370727539,46.322044372558594,14.488637924194336,17.633129119873047,17.5065975189209
61.56879806518555,59.419429779052734,16.70973777770996
55.44061279296875,40.054969787597656,35.042049407958984,18.58526611328125,17.04216957092285
101.03154754638672,62.84988784790039,60.21434020996094,33.32245635986328,27.66469955444336
96.61026763916016,85.72777557373047,99.09236145019531,26.29847526550293,16.072921752929688
137.12193298339844,89.092529296875,90.49308776855469,105.39860534667969,24.81615447998047,29.59282875061035,14.402119636535645,11.294964790344238
53.28703308105469,48.22088623046875,48.97385025024414,22.14887237548828,20.754426956176758,19.243629455566406
85.80048370361328,64.44309997558594,33.754329681396484,21.48002052307129,11.9547758102417
52.552154541015625,50.26854705810547,64.85298919677734,39.89331817626953,47.10404586791992,37.30512619018555,30.495718002319336,15.681416511535645
105.9770736694336,65.53763580322266,42.37397003173828,34.68354034423828,27.851985931396484
107.9141845703125,84.19869232177734,56.11972427368164,35.67172622680664,55.17574691772461,14.965685844421387,15.090721130371094
107.6871566772461,31.737972259521484,33.65947723388672,19.614404678344727,24.17570686340332
126.78350830078125,112.08773040771484,84.26520538330078,51.00341033935547,48.63124084472656,26.132938385009766,19.28352165222168
33.059139251708984,29.193092346191406,31.39640998840332,20.08961296081543
73.39952087402344,40.73984146118164,20.09454345703125,14.15738296508789
235.20066833496094,218.94639587402344,141.9072265625,57.04822540283203,55.0887565612793,18.002681732177734,16.435401916503906
318.1070556640625,257.1468505859375,53.74782180786133,56.64588928222656,29.87970542907715,23.686866760253906
75.46806335449219,77.96285247802734,16.480131149291992
145.51893615722656,42.22744369506836,68.71827697753906,53.377037048339844,24.348257064819336,35.95074462890625,26.079090118408203,15.368617057800293
32.132041931152344,30.993762969970703,30.967500686645508,23.44228744506836,19.54977798461914,18.540807723999023,13.993985176086426,18.447317123413086,12.259054183959961
64.3556900024414,45.48771667480469,50.254417419433594,40.74135208129883,20.755571365356445
104.4556884765625,107.23904418945312,95.52622985839844,30.453968048095703,38.25906753540039,26.817670822143555,10.098795890808105
70.84263610839844,65.86747741699219,31.525074005126953,31.866226196289062,30.934499740600586,23.877395629882812
97.79193115234375,85.96895599365234,62.185302734375,56.855125427246094,34.9014778137207,24.888832092285156
52.83314895629883,55.181922912597656,34.98370361328125,14.468450546264648,28.218425750732422,21.634870529174805
280.13458251953125,140.89222717285156,114.83621215820312,75.44862365722656,38.782779693603516,35.86308670043945,14.817407608032227
102.162109375,49.94416046142578,26.068706512451172,16.912080764770508
67.48819732666016,10.195175170898438,29.483835220336914,34.539588928222656
46.65070343017578,50.30747604370117,23.501306533813477,25.617767333984375
181.72630310058594,138.04275512695312,85.55436706542969,81.66485595703125,16.205720901489258,34.683536529541016
85.30709075927734,85.2111587524414,50.29763412475586,23.472028732299805,32.108341217041016,36.40312194824219,14.683870315551758
108.19233703613281,82.66172790527344,59.76422882080078,25.093528747558594,13.51380729675293,19.880130767822266
89.6417007446289,74.02827453613281,74.43238067626953,57.922874450683594,23.905941009521484,13.41736888885498
87.17839813232422,77.9465560913086,60.561641693115234,38.95915603637695,25.896453857421875,29.898242950439453,26.704978942871094,19.836515426635742,23.081384658813477
114.2703628540039,64.62674713134766,63.30663299560547,27.826841354370117,9.982292175292969,10.273648262023926
40.15224075317383,62.652374267578125,47.4730110168457,41.91764450073242,29.5581111907959,12.929426193237305,24.02831268310547,16.216886520385742
153.9319610595703,142.27044677734375,34.40668487548828,25.31698226928711,38.31117248535156,34.67829513549805
79.79977416992188,86.87010955810547,55.13086700439453,58.85277557373047,19.600767135620117,26.112524032592773,30.031978607177734,28.374923706054688,9.611495018005371
59.851890563964844,61.89348602294922,40.789451599121094,34.12532424926758,17.475425720214844,18.059947967529297,27.331830978393555,17.22789764404297,27.69698715209961,20.443696975708008,14.48990249633789
122.807373046875,104.93492889404297,46.97285842895508,45.45177459716797,23.374181747436523,18.17317771911621,23.589805603027344,26.627723693847656
59.93238067626953,57.04157257080078,46.22160339355469,39.45711135864258,35.12361145019531,23.657583236694336,19.482946395874023,16.429412841796875
123.20282745361328,83.56536865234375,44.921756744384766,38.65726852416992,33.15773391723633,16.533916473388672
130.9842987060547,88.09534454345703,28.927413940429688,11.12923526763916,23.162900924682617,16.42874526977539
119.50135803222656,146.12355041503906,30.30180549621582
40.453155517578125,35.90166091918945,46.96030807495117
116.26652526855469,61.00712203979492,59.18425369262695,30.78162956237793
92.92860412597656,80.96881103515625,61.56550598144531,48.74639892578125,21.161678314208984,26.347124099731445,22.90228271484375,17.210437774658203,23.363718032836914
96.27587890625,66.02072143554688,85.52204895019531,47.12882995605469
168.57713317871094,139.33013916015625,31.00480079650879,35.26680374145508,45.387474060058594,17.368797302246094,11.329463958740234,15.88338851928711
49.94157791137695,36.9884147644043,45.24013137817383,49.53603744506836,24.11557388305664,21.625280380249023
107.07347869873047,62.749942779541016,35.06932067871094,31.422636032104492,36.68328094482422,31.635578155517578,18.927030563354492
110.84037017822266,99.42057800292969,29.575410842895508,18.798667907714844,8.372330665588379,25.76185417175293,16.642803192138672,8.766935348510742,19.321252822875977
57.70367431640625,50.308563232421875,34.91217041015625,31.192378997802734,12.995375633239746,36.81804275512695,9.539527893066406
80.18244934082031,59.06005859375,38.689456939697266,26.53887939453125
144.5108642578125,106.539306640625,55.52274703979492,40.423789978027344,29.791446685791016,25.282913208007812
59.81707763671875,42.091854095458984,34.972625732421875,26.25380516052246,18.339752197265625,18.595327377319336
93.58868408203125,81.6494369506836,61.43769836425781,41.050540924072266,35.65642166137695,8.484213829040527
88.02552795410156,74.68646240234375,44.33683776855469,33.96422576904297,32.74874496459961,21.312423706054688,9.82308292388916,10.70923137664795
159.51998901367188,130.71917724609375,104.53382110595703,78.66535949707031,52.86992645263672,54.92868423461914,16.37198829650879,14.17905330657959
85.41314697265625,59.02286148071289,42.08867645263672
116.28173065185547,99.88130950927734,20.71082878112793,21.005966186523438
156.6056671142578,66.23096466064453,52.316078186035156,30.90079689025879,41.38104248046875,10.367539405822754,17.592967987060547
98.26940155029297,54.17214584350586,36.15448760986328,23.178199768066406,28.88055419921875,10.057426452636719,22.048429489135742,9.886303901672363
96.94288635253906,65.28943634033203,68.23920440673828,70.2418212890625,27.135005950927734,34.13866424560547,22.565818786621094,9.985126495361328
159.70445251464844,65.5773696899414,71.20710754394531,78.24575805664062,8.412555694580078
105.70784759521484,75.38595581054688,58.541343688964844,46.19053268432617,28.223697662353516,13.672856330871582,13.529056549072266,9.330957412719727
41.72086715698242,36.91590881347656,26.46263313293457,32.71183395385742,17.47730255126953,9.999621391296387,12.031598091125488
84.89916229248047,38.83418655395508,11.03671646118164,15.269134521484375
47.356712341308594,40.49026870727539,26.374786376953125
74.6173095703125,19.968990325927734,30.081161499023438,23.974822998046875
67.44253540039062,57.17445373535156,61.44477081298828,44.41874313354492,30.080629348754883,20.82891845703125
82.75692749023438,35.60199737548828,33.77419662475586,33.5849494934082,13.840812683105469,22.64108657836914
67.11373901367188,67.53653717041016,37.29116439819336
79.88129425048828,86.25593566894531,46.322959899902344,55.79628372192383,57.239444732666016,28.400373458862305,13.14084243774414
98.68228149414062,48.942047119140625,29.992189407348633,25.04766845703125
69.6684341430664,78.33267211914062,45.9480094909668,22.376590728759766,31.422012329101562,23.81273078918457,21.92852210998535,14.60749340057373
91.47489166259766,42.822044372558594,41.107154846191406,19.253704071044922
70.59786987304688,63.83220291137695,44.911346435546875,34.99345016479492,25.45532989501953,35.43583297729492,24.362974166870117
54.42548751831055,76.92390441894531,40.182743072509766,25.67357635498047,26.127769470214844,26.490785598754883,21.5661678314209
107.63671112060547,73.82971954345703,24.898456573486328,14.833940505981445,22.08876609802246
142.35748291015625,121.84416198730469,78.1083755493164,92.78638458251953,46.24504089355469,39.557037353515625,41.72244644165039,16.870153427124023
88.28148651123047,73.4117660522461,63.995460510253906,68.17456817626953,17.07465934753418,9.206052780151367,27.890480041503906,19.187469482421875
72.00374603271484,48.791873931884766,54.502464294433594,29.609554290771484,23.84678840637207
70.37262725830078,39.314327239990234,21.035900115966797,17.68344497680664
184.6276092529297,127.88593292236328,12.334206581115723
65.8346939086914,68.19286346435547,42.918724060058594,46.85220718383789,16.71704864501953,25.7393798828125
98.32231903076172,77.8447494506836,63.621578216552734,47.53996276855469,37.14849090576172,26.954795837402344
100.01246643066406,87.06625366210938,97.56122589111328,21.645435333251953,14.535835266113281,14.20782470703125,22.856382369995117
98.6103515625,24.6481990814209,14.993928909301758
56.83535385131836,50.80397415161133,29.230405807495117,20.598073959350586,16.765121459960938
87.37892150878906,60.0586051940918,58.943477630615234,21.25558090209961,15.729716300964355
131.1913604736328,70.2977523803711,46.14350128173828,40.52592086791992,30.401525497436523
113.36083984375,91.15848541259766,47.09236145019531,35.969200134277344
210.35250854492188,121.24475860595703,89.5036849975586,66.93019104003906,40.1126594543457,22.509204864501953,15.8153076171875
57.95137405395508,53.162227630615234,12.768239974975586
156.11376953125,132.11932373046875,35.0911865234375
118.90196990966797,31.370756149291992,8.750162124633789,39.54767990112305,17.015830993652344
215.16514587402344,148.7501983642578,50.32819366455078,39.59259033203125,24.162683486938477,17.919300079345703,15.295248031616211
61.92965316772461,45.144630432128906,44.36994171142578,46.20266342163086,23.87636375427246,14.258024215698242
70.48130798339844,56.29371643066406,29.346872329711914,22.751447677612305
442.5569763183594,44.26681137084961,34.42158126831055,42.45394515991211,22.508346557617188,21.90750503540039,17.328901290893555,22.430858612060547
69.06055450439453,41.18857955932617,32.87592315673828,43.081886291503906,13.065841674804688,12.91639518737793
43.24528121948242,25.734512329101562,36.96239471435547,29.04871368408203,21.74207305908203,11.119065284729004
64.24605560302734,45.3616828918457,65.49515533447266,48.5688591003418,57.73227310180664,9.811899185180664,37.5343132019043,30.431961059570312,11.504579544067383
53.814971923828125,48.1240348815918,49.58942413330078,43.82841110229492,32.19981384277344,17.840871810913086,14.928559303283691
91.45542907714844,42.56285095214844,42.00667953491211,19.5286865234375,16.956802368164062,9.507255554199219
125.92044830322266,96.11905670166016,67.09667205810547,17.821332931518555
119.40306854248047,111.0299072265625,27.01880645751953
86.50489807128906,100.39669036865234,95.37950134277344,59.21320343017578,16.902982711791992,9.981459617614746
81.46937561035156,72.1258316040039,77.11135864257812,30.2165584564209
79.43292999267578,69.2595443725586,25.34105110168457,12.415155410766602
413.78399658203125,335.67974853515625,227.85385131835938,25.381450653076172
59.46347427368164,36.47295379638672,47.83835983276367,22.66750144958496
76.9107666015625,65.1958236694336,46.65622329711914,43.74819564819336,27.949249267578125
95.34466552734375,62.707489013671875,19.08519744873047,17.40347671508789,12.132740020751953
102.80342102050781,74.9384994506836,30.872365951538086,19.227697372436523
64.76885223388672,50.116065979003906,54.50276565551758,20.40410804748535,24.66798973083496,16.870864868164062,15.774218559265137
66.56986999511719,63.55440139770508,53.84550094604492,40.329742431640625,46.9206428527832,23.49387550354004,20.95746421813965
118.06723022460938,93.71542358398438,78.83077239990234,58.26927185058594,50.71959686279297
61.44641876220703,70.70635223388672,41.8974723815918,30.043344497680664,25.318355560302734,13.718487739562988,29.93208885192871,12.243768692016602
78.72315979003906,65.44609069824219,34.16069030761719,27.297334671020508,10.176474571228027
88.54832458496094,113.31595611572266,27.632938385009766,25.87949562072754,33.10026550292969,20.358022689819336
102.1591796875,66.1533203125,41.13239288330078,40.91650390625,43.51579284667969,18.119945526123047,12.888420104980469
148.069091796875,74.34786987304688,58.4615592956543,28.144533157348633,21.33310890197754
116.10423278808594,54.96962356567383,72.14134979248047,45.14140701293945,38.112152099609375,23.7205867767334,25.905136108398438,13.77161693572998,14.079561233520508
67.84664916992188,71.058837890625,66.14647674560547,22.674787521362305,10.821155548095703,13.003467559814453
54.43539810180664,49.25362014770508,35.466915130615234,18.756906509399414,25.878883361816406
78.7410888671875,35.40992736816406,46.00304412841797,36.47760009765625,17.52947998046875,13.744857788085938,16.791078567504883
64.09671020507812,94.50416564941406,69.27129364013672,52.78218460083008,21.047985076904297,9.96881103515625
51.25969696044922,18.529611587524414,20.312807083129883,12.304845809936523,20.549684524536133
78.26942443847656,47.97710418701172,14.534255981445312
52.0352783203125,66.64061737060547,33.87322998046875,49.408653259277344,49.52674102783203,40.13838195800781,18.406694412231445,14.967982292175293
63.78067398071289,47.288902282714844,57.643253326416016,23.235830307006836
171.16566467285156,73.29727172851562,77.95525360107422,59.72563552856445,25.688993453979492
72.99584197998047,56.14358139038086,58.37770462036133,36.44865798950195,26.73382568359375,20.574186325073242
66.85145568847656,56.286869049072266,46.103050231933594,46.14284896850586,32.469120025634766,34.034149169921875
91.57189178466797,71.71880340576172,45.14027786254883,15.982789993286133,16.052879333496094
61.8609733581543,44.69403076171875,41.710147857666016,15.36660099029541
143.79005432128906,89.42323303222656,94.1045150756836,66.66984558105469,19.10349464416504
45.309295654296875,51.43250274658203,22.283037185668945
91.8847885131836,119.9021224975586,51.19342803955078,31.21167755126953
409.0497741699219,264.71417236328125,293.9109191894531,190.6467742919922,70.59461975097656,23.838552474975586
66.72203063964844,78.08549499511719,48.47541046142578,14.462811470031738,13.167444229125977
76.54833221435547,39.58631134033203,41.08005905151367,41.805477142333984,19.028907775878906,36.552696228027344,25.448345184326172,34.374725341796875
75.23004913330078,43.39613723754883,36.358951568603516,43.58803939819336
43.13433074951172,44.82099533081055,37.91435241699219,27.856937408447266,15.289779663085938
41.8720817565918,54.609947204589844,39.66778564453125,28.628864288330078,18.267396926879883,22.40750503540039,17.187589645385742
101.38822937011719,42.94239807128906,44.8803825378418,47.253997802734375,36.83259201049805,27.49042510986328,9.952075958251953,12.026986122131348
132.23297119140625,102.21807098388672,45.7905387878418,43.93490982055664,43.5396842956543,29.268211364746094
160.24159240722656,130.33978271484375,103.0313491821289,113.54116821289062,22.55799102783203
77.96199798583984,65.4304428100586,66.43153381347656,21.74614143371582,21.980764389038086
72.70582580566406,43.58131408691406,41.80054473876953,21.506084442138672,21.12200355529785,8.160940170288086,10.699634552001953
125.96260070800781,39.4097900390625,29.213285446166992
90.82500457763672,66.47550201416016,50.1317253112793,15.22238826751709
85.61972045898438,62.73503494262695,43.65729522705078,18.794971466064453,27.692949295043945,19.799840927124023
73.21766662597656,78.89183807373047,50.51850128173828,37.32231140136719,35.40884017944336,25.68198013305664,15.36248779296875
72.73014068603516,28.352231979370117,27.140287399291992,31.68423843383789,24.477319717407227
90.8376693725586,80.45011138916016,46.878173828125,41.117122650146484,29.802749633789062,14.229700088500977
151.94407653808594,88.79537963867188,87.47891235351562,75.49325561523438,70.97135925292969
92.64813232421875,85.17292022705078,67.14256286621094,36.79680252075195,37.34623336791992,18.95371437072754,22.804859161376953,24.39397621154785
66.82613372802734,46.02098083496094,33.67279052734375,43.41194534301758
79.30218505859375,43.775367736816406,39.8532829284668,19.619667053222656,20.842063903808594
91.55741119384766,72.60148620605469,26.887022018432617,24.620153427124023,21.093379974365234
97.37680053710938,78.55121612548828,62.23764419555664,52.86826705932617,40.67954635620117,33.3231201171875
98.59980773925781,51.12605667114258,39.01405334472656,33.77372360229492
90.60227966308594,44.772705078125,31.279308319091797,12.313477516174316,18.8346004486084
39.7900505065918,15.172442436218262,31.207246780395508,24.930906295776367,24.941999435424805
74.85037231445312,61.56226348876953,55.667564392089844,32.01769256591797,22.40283203125
74.59710693359375,52.351219177246094,33.5391960144043,27.5196533203125,23.749202728271484,28.480030059814453
68.8585205078125,54.89250946044922,42.8446159362793,33.96596145629883,23.067895889282227,19.63384246826172,20.191572189331055
128.49057006835938,54.2525520324707,33.76692199707031,14.536012649536133,15.103073120117188
29.93131446838379,22.838809967041016
51.21585464477539,43.41286849975586,28.46660614013672,20.014942169189453
93.44434356689453,50.59270095825195,58.53804397583008,30.84082794189453,19.3221378326416,20.82855224609375,23.95667266845703
75.40223693847656,66.87763977050781,74.81192016601562,64.04048156738281,32.26627731323242,44.42743682861328,28.61406707763672,13.060892105102539
84.23221588134766,61.04147720336914,47.76279830932617,37.528656005859375,31.47768783569336,34.05704879760742,23.704341888427734,15.961424827575684
117.61807250976562,20.512144088745117,52.019309997558594,46.392730712890625,41.57392120361328,31.3182373046875,28.735828399658203,19.700244903564453
98.9375228881836,91.61241149902344,35.00246810913086,26.23772621154785,21.901777267456055,15.8046293258667
92.6444320678711,41.9537467956543,33.58322525024414,23.715320587158203,30.03093719482422,21.157461166381836,18.337974548339844
172.4042510986328,70.29002380371094,58.739959716796875,57.23084259033203,35.7286491394043,28.993867874145508
66.83354949951172,76.43318939208984,29.5877628326416,15.875996589660645
81.28104400634766,77.38074493408203,49.395660400390625,54.7772216796875,11.020895957946777,26.653377532958984
123.12937927246094,91.48616027832031,57.64794158935547,20.990842819213867
155.2108612060547,86.55496215820312,26.686080932617188,16.561038970947266
154.24627685546875,49.692909240722656,54.212242126464844,26.02820587158203,10.765460014343262
56.310203552246094,56.771690368652344,34.07365417480469,35.647071838378906,19.494216918945312
53.38215255737305,18.720935821533203,27.26807403564453
49.90583038330078,19.179410934448242,18.13610076904297
154.54541015625,124.7121353149414,87.75530242919922,16.496614456176758,20.193954467773438,28.092191696166992
69.34478759765625,56.28901672363281,50.17448806762695,45.673828125,37.77297592163086,23.67788314819336
97.0696029663086,84.68114471435547,25.742691040039062,24.27936553955078
31.444499969482422,38.84801483154297,36.625091552734375,20.816781997680664,13.472431182861328
109.32440185546875,87.07524108886719,55.39200210571289,53.26999282836914,28.970457077026367
182.5398712158203,188.61251831054688,103.98892211914062,57.955291748046875,60.65660095214844,25.377395629882812,23.674787521362305
102.57505798339844,86.6752700805664,36.02730178833008,39.14849853515625,9.962089538574219,11.640924453735352
73.63805389404297,47.6480712890625,65.88133239746094,49.030433654785156,42.37419891357422,14.5206298828125,17.46596908569336
