63.392337799072266,53.559085845947266,36.96262741088867,28.122705459594727
78.82721710205078,71.53435516357422,42.95139694213867,18.471195220947266,16.685266494750977,25.245859146118164
219.2034912109375,141.80343627929688,43.2930908203125
173.75704956054688,60.028900146484375,34.78569412231445,39.97650909423828,34.81290817260742
118.06470489501953,81.19717407226562,30.40279197692871,22.00267791748047,8.654013633728027,16.525297164916992
64.78927612304688,64.52086639404297,51.41109085083008,53.62741470336914,29.25895881652832,26.368236541748047,14.117290496826172
62.641815185546875,48.85820770263672,47.37336349487305,47.376399993896484,20.770538330078125,12.921345710754395,15.089848518371582
56.23695373535156,61.54658126831055,32.19375991821289,27.836475372314453,29.64856719970703,19.364084243774414,21.431760787963867,30.330787658691406
71.075439453125,61.709938049316406,40.874263763427734,30.764745712280273,35.91010284423828
60.95631408691406,41.1729736328125,32.045711517333984,30.68126106262207,24.0838623046875,30.445993423461914
86.16203308105469,52.821895599365234,40.06339645385742,21.226594924926758,23.262447357177734,18.156036376953125
70.9524154663086,58.4005012512207,43.1515007019043,25.942256927490234,35.03697204589844,20.212488174438477
56.289127349853516,30.106897354125977,20.983150482177734
80.87801361083984,53.855831146240234,44.1162223815918,26.477827072143555,32.43482208251953,24.142879486083984,12.663810729980469
71.8598861694336,50.47224044799805,60.52418518066406,42.99245834350586,30.30414581298828,23.61821746826172
175.88040161132812,124.64107513427734
70.81217193603516,57.93256378173828,30.977502822875977,24.510799407958984,8.469461441040039
161.63760375976562,120.6788558959961,67.9890365600586,80.43003845214844,48.65199279785156,40.33119201660156
195.1879119873047,159.8719482421875,85.44290161132812,40.63806915283203,29.898488998413086,22.073848724365234,10.19478988647461
121.02022552490234,82.51006317138672,49.284584045410156,31.847707748413086,23.56268882751465,22.265777587890625,17.295978546142578
95.12651824951172,80.63966369628906,25.993755340576172,25.688749313354492,16.249286651611328
44.33104705810547,38.476959228515625,9.879061698913574,16.34393310546875,12.102920532226562,11.23969841003418
71.98973846435547,63.365413665771484,53.494754791259766,27.162805557250977,25.665206909179688,27.75255584716797
92.86991119384766,76.3647232055664,46.350616455078125,25.97441291809082,24.130481719970703
48.521724700927734,35.42218780517578
55.04248809814453,64.5218505859375,32.56978988647461,39.355445861816406,10.061901092529297
82.88140106201172,78.0490951538086,69.10505676269531,27.229949951171875,18.545446395874023
102.5841064453125,94.6424789428711,84.985107421875,16.601551055908203
127.47715759277344,59.179161071777344,37.16523361206055,26.090229034423828,27.172359466552734
90.45602416992188,45.38933181762695,19.270008087158203,17.59566307067871,15.890950202941895
301.46478271484375,191.27696228027344,126.60218048095703,48.70444107055664
195.70175170898438,129.25698852539062,98.26176452636719,55.50355911254883,59.121116638183594,43.56712341308594
65.57738494873047,46.541141510009766,41.05027389526367,28.445343017578125,21.056629180908203
67.6220703125,56.92635726928711,30.532676696777344,19.885740280151367,47.14064407348633,27.300464630126953
111.42445373535156,88.64171600341797,67.95433044433594,70.46585845947266,58.70366287231445,45.71697235107422,21.17635154724121
49.09556579589844,37.80245590209961,21.061826705932617,31.822084426879883
42.70351028442383,42.87006759643555
50.081851959228516,64.09947967529297,56.70644760131836,45.59528350830078
120.66658782958984,84.09809112548828,48.47134017944336,29.6138858795166,56.06248474121094
107.45269012451172,94.6734390258789,70.65299224853516,49.77433395385742,34.413673400878906,20.583045959472656,15.424120903015137,13.697049140930176,12.141898155212402
99.20375061035156,39.79570388793945,18.880441665649414
106.85704040527344,35.4019660949707,33.27411651611328,17.830408096313477,13.05970573425293
86.9928970336914,64.79624938964844,56.21246337890625,31.968706130981445,15.780265808105469
79.3897933959961,51.243595123291016,26.432546615600586,10.14810562133789,8.025002479553223,9.318916320800781,18.53217315673828
94.5936050415039,79.72840881347656,33.10086441040039,43.668521881103516,45.53201675415039,24.206308364868164,8.717692375183105
88.96408081054688,52.512569427490234,45.53411102294922,50.15957260131836,15.403759956359863,25.380922317504883
104.04229736328125,71.0947036743164,44.6881217956543,20.24935531616211,24.005104064941406
151.46246337890625,81.8927001953125,60.22905349731445,47.17267608642578,27.041425704956055,11.076224327087402,24.753494262695312
76.93505096435547,60.32427978515625,31.127365112304688,25.994285583496094
114.47859191894531,86.89250946044922,70.2699203491211,53.165428161621094,57.90635299682617,18.245424270629883,16.180442810058594
65.29415893554688,71.85562133789062,54.70323944091797,30.097496032714844,25.37071990966797,15.019952774047852
83.40922546386719,85.27787780761719,72.81024932861328,54.66617202758789,31.932533264160156,26.423473358154297
97.66191864013672,84.88249969482422,32.90170669555664,26.95630645751953,25.269325256347656
84.70989227294922,58.901832580566406,27.247831344604492
175.09071350097656
68.189208984375,65.33580780029297,37.97114181518555,26.74505043029785,16.447509765625
56.971717834472656,52.888423919677734,51.65821838378906,29.427324295043945,26.48354148864746,18.986473083496094,17.35439109802246
93.42527770996094,50.61793518066406,46.07662582397461,26.64505958557129,16.577884674072266
104.25572967529297,12.306632995605469,8.3087797164917
96.70281219482422,44.498985290527344,53.30438232421875,38.7588005065918,8.308484077453613,17.1320743560791
143.57516479492188,62.07577896118164,20.081268310546875,20.482620239257812,13.217049598693848
100.5397720336914,72.49983978271484,60.084938049316406,48.26445007324219,55.64516067504883
55.40720748901367,37.75231170654297,17.137598037719727,14.5203857421875,15.602522850036621,18.753337860107422
99.89614868164062,59.52789306640625,47.76953125,53.258853912353516,35.464725494384766,28.79130744934082
106.50826263427734,69.34323120117188,26.76929473876953,15.380311012268066
87.9175033569336,55.57182693481445,39.2632942199707,23.199586868286133
48.18745803833008,48.00858688354492,53.486106872558594,19.906429290771484,21.879079818725586
73.75186157226562,57.60603332519531,57.97870635986328,28.83563995361328,36.72846221923828,51.14277648925781
95.32931518554688,96.93684387207031,67.95669555664062,53.161380767822266,36.182289123535156
122.05013275146484,63.13859176635742,39.3469352722168,29.513914108276367
91.7081298828125,48.67961883544922,50.01180648803711,57.773353576660156,20.844554901123047,15.015520095825195,9.957268714904785
119.97003936767578,114.6834487915039,72.13838195800781,25.789941787719727,44.98903274536133,32.81729507446289,26.353445053100586,23.965373992919922,14.695575714111328
44.9324836730957,28.83186149597168,24.648466110229492,13.529403686523438
78.23590850830078,84.21402740478516,58.24850845336914,27.309480667114258,21.511756896972656,17.68120002746582,14.596456527709961
72.59195709228516,52.54157638549805,30.350427627563477
61.32223129272461,45.720008850097656,61.910606384277344,27.75835418701172,20.35677146911621,21.120384216308594,21.681909561157227,20.365083694458008
66.4023666381836,55.89183044433594,54.48825454711914,21.638072967529297,37.75537109375,27.467674255371094,15.232220649719238
83.1146011352539,56.737247467041016,40.30128860473633,32.94353103637695,20.73829460144043,27.73120880126953
76.39129638671875,43.0933723449707,37.79938507080078,17.549701690673828
70.06861877441406,83.14241790771484,50.032588958740234
100.25846099853516,79.24845123291016,79.31501007080078,68.48662567138672,32.037620544433594,14.724318504333496
110.2151870727539,88.45584869384766,71.70671081542969,52.71555709838867,25.71091651916504,17.942781448364258
113.39042663574219,89.40499877929688,84.8270263671875,74.36371612548828,83.11833190917969,47.26487731933594,42.54905319213867,33.620384216308594,8.859450340270996,13.92636489868164
102.15713500976562,74.86797332763672,35.28917694091797
85.38872528076172,34.91427230834961,35.50184631347656,21.173709869384766,16.511634826660156
83.47456359863281,80.52613830566406,64.14618682861328,43.67139434814453,38.65739059448242
35.45746612548828,44.8670539855957,32.8206901550293,19.017831802368164,29.0809268951416,26.35989761352539,21.787822723388672,8.352288246154785
66.1193618774414,61.66963577270508,56.29592514038086,60.457374572753906,33.336219787597656
140.16229248046875,126.78068542480469,46.584774017333984,23.961206436157227,20.27932357788086,11.346517562866211,19.77754783630371
63.266273498535156,68.74052429199219,55.07542419433594,44.4451904296875,13.603140830993652
60.09785461425781,51.344085693359375,17.637954711914062,11.546184539794922
63.54444885253906,70.27052307128906,30.225658416748047,20.43151092529297
96.03199768066406,84.233642578125,55.03396224975586,37.09163284301758,10.989900588989258
70.53553771972656,46.400699615478516,24.47719383239746,20.161746978759766
80.9632568359375,31.052852630615234,20.253297805786133,22.01687240600586,13.412186622619629
57.90943908691406,60.909358978271484,55.89963150024414,44.714805603027344,27.71075439453125,29.11764907836914
61.027774810791016,31.065799713134766
120.73482513427734,118.2175521850586,76.76997375488281,33.20293426513672,8.820745468139648,11.555244445800781,13.787700653076172
93.7112045288086,41.79137420654297,18.926713943481445,38.33743667602539,12.124405860900879,19.06659507751465,9.09040641784668
133.98574829101562,97.61502838134766,61.0976676940918,37.83945846557617,27.912328720092773,11.563848495483398
97.40251922607422,74.83309936523438,56.60041046142578,30.577617645263672,14.99242877960205
84.96006774902344,86.59635925292969,50.02347946166992,38.1527099609375,23.45612907409668
33.6318359375,66.63842010498047,60.882076263427734,48.69309997558594,30.655115127563477,13.493136405944824
74.33432006835938,95.24794006347656,57.28909683227539,43.43549728393555
71.64318084716797,62.79386901855469,45.269248962402344,18.0371036529541,16.555801391601562
70.57548522949219,62.16156768798828,47.706031799316406
84.4664306640625,48.3153076171875,43.357398986816406,37.09115982055664,36.206260681152344,22.82912826538086,16.391643524169922
68.14418029785156,52.2241325378418,29.4066104888916,27.29417610168457,27.09917449951172,16.348533630371094
58.33531188964844,57.55369186401367,39.457576751708984,33.42543411254883,26.114572525024414,14.581088066101074
74.26776885986328,54.228702545166016,37.94152069091797,37.55649948120117,21.006103515625,27.559825897216797,11.206151008605957
100.88760375976562,98.73121643066406,65.0458755493164,29.050302505493164,35.01840591430664,27.172361373901367,15.997190475463867,10.099405288696289
84.70497131347656,87.5400619506836,66.8929672241211,55.7209587097168,25.708229064941406,16.659387588500977,22.064205169677734,8.63703727722168,12.42013931274414,21.14262580871582
63.14275360107422,64.74791717529297,50.82375717163086,27.973773956298828,33.25090026855469,24.98050308227539,25.02573585510254,17.810283660888672,13.976306915283203
128.21463012695312,83.40377044677734,96.40897369384766,56.0230827331543,56.72427749633789,18.937082290649414,18.786088943481445
104.07795715332031,17.569095611572266,15.35300064086914
124.16036987304688,57.267269134521484,53.297828674316406,11.684555053710938,31.345884323120117,23.081689834594727,14.060731887817383
79.48212432861328,20.95356559753418
120.88825225830078,124.54170989990234,14.840839385986328
101.75362396240234,86.623779296875,93.52857971191406,86.39771270751953,20.52448844909668,22.956363677978516,8.915790557861328
181.5493621826172,33.02603530883789,9.930866241455078,10.895466804504395
106.85935974121094,60.892967224121094,26.009357452392578
104.44853210449219,71.5678482055664,67.8416748046875,55.05576705932617,29.476152420043945,14.932258605957031
144.9813232421875,80.90816497802734
100.45648193359375,63.274600982666016,45.32900619506836,28.112770080566406,21.20488166809082,10.733457565307617
52.04520034790039,48.584197998046875,42.45869064331055,23.363874435424805,16.84830093383789,24.343669891357422
152.5596160888672,83.61447143554688,73.19509887695312
85.29042053222656,84.0219955444336,60.117431640625,53.61116409301758,21.102758407592773,21.240541458129883,23.236392974853516
89.92615509033203,8.22525405883789,33.218441009521484
61.22102355957031,29.216800689697266,14.795858383178711
95.16790008544922,83.31062316894531,92.050537109375,34.3322868347168,35.60301208496094,35.33804702758789
80.70548248291016,72.30754089355469,19.152137756347656,53.982086181640625
100.0414047241211,48.38290786743164,60.02593994140625,22.382719039916992,24.358234405517578
122.88375091552734,76.67109680175781,88.8302001953125,55.859954833984375,26.997507095336914,23.31591033935547,20.78911781311035,18.528444290161133,15.531292915344238
120.38998413085938,84.93574523925781,60.22555160522461,48.310665130615234,22.169513702392578
79.60514068603516,64.19599151611328,56.928951263427734,43.5883903503418,17.29652976989746,17.931440353393555
100.1092529296875,80.14481353759766,53.828697204589844,53.16038131713867,28.14419174194336,28.374996185302734
79.48114776611328,60.80863952636719,26.803537368774414,28.718482971191406
82.85906219482422,26.116458892822266,20.771421432495117,22.162986755371094
60.807395935058594,74.06428527832031,33.18168258666992
109.37300109863281,107.18850708007812,57.62619400024414,80.50298309326172,13.046109199523926
77.44222259521484,31.33148193359375,62.0311164855957,69.45442962646484,31.630409240722656,15.813304901123047,19.236957550048828
71.27899169921875,51.779727935791016,57.137786865234375,40.29090118408203,30.277711868286133,13.128291130065918,9.215139389038086
143.4638671875,101.95755004882812,56.39015579223633,47.73298645019531,22.638256072998047,23.94304656982422
29.818065643310547,12.522359848022461,19.149660110473633
74.96202850341797,70.40382385253906,18.168106079101562,48.43220138549805,38.48044204711914,37.61339569091797,20.328874588012695
88.4855728149414,29.983348846435547,31.357948303222656,20.464920043945312,16.084056854248047,14.188972473144531,16.094459533691406
78.2899169921875,87.25861358642578,22.574581146240234,9.85796070098877
73.47145080566406,88.2237319946289,76.31320190429688,30.147687911987305,13.307528495788574,26.147918701171875,14.980307579040527
93.1528091430664,55.599037170410156,26.386951446533203
22.648733139038086,38.75587463378906,38.35458755493164,33.85853958129883,33.644920349121094,22.20139503479004,19.106054306030273,9.970539093017578
65.39250946044922,50.68006896972656,42.41074752807617,39.224979400634766,31.41426658630371,25.577884674072266,19.936737060546875,14.39631175994873
142.53546142578125,132.99302673339844,67.34541320800781,78.0191650390625,36.169071197509766,10.084427833557129
162.6986541748047,53.88909912109375,61.54082489013672,44.16775131225586,43.04951858520508,31.192123413085938,18.0207576751709
75.25028228759766,54.439701080322266,26.937772750854492,33.91433334350586
178.40145874023438,81.04458618164062,88.61583709716797,59.77730941772461
135.3416290283203,93.44229125976562,49.14833450317383,28.976591110229492,32.213470458984375
123.9862060546875,63.870182037353516,46.78331756591797,39.75166702270508,37.583900451660156,21.412382125854492,14.742204666137695
175.10372924804688,72.16426086425781,53.2252082824707,47.19075393676758,32.61491775512695
139.93087768554688,52.95871353149414,62.898193359375,24.661602020263672
152.97523498535156,91.68280792236328,90.33050537109375,56.729270935058594,18.194257736206055,24.1910457611084,17.233478546142578,14.315571784973145
93.25839233398438,70.82417297363281,56.503150939941406,29.038787841796875,10.499795913696289
53.828548431396484,66.08616638183594,31.896177291870117,22.504121780395508
60.11244201660156,45.462562561035156,36.479896545410156,33.39017105102539,26.462303161621094,25.610456466674805,24.931657791137695,12.627252578735352
61.573421478271484,79.69804382324219,56.784603118896484,43.293365478515625,20.6739444732666,27.588478088378906
64.660888671875,62.330711364746094,46.77259826660156,32.52608108520508,23.674978256225586
124.4848861694336,93.04574584960938
122.49317932128906,111.93567657470703,37.46302795410156,25.67398452758789
145.91259765625,90.24320220947266,91.49579620361328,46.92463302612305,38.996158599853516,39.893646240234375,28.45178985595703,22.257450103759766
73.10045623779297,75.20552062988281,15.694014549255371
89.02902221679688,57.25493240356445,19.183216094970703
115.35598754882812,93.6152572631836,87.13807678222656,29.571136474609375,32.44306945800781,29.4581356048584
98.35623168945312,86.46805572509766,69.15306854248047,25.99079132080078,29.31324577331543,13.036576271057129
111.26069641113281,81.11599731445312,30.784406661987305,21.290550231933594,12.810816764831543,15.114372253417969,19.01814079284668,14.75533676147461
121.00994873046875,59.140289306640625,50.94001388549805,20.07183265686035,11.833086967468262
124.77916717529297,101.68132019042969,35.43314743041992,29.19289779663086,34.49598693847656,25.76278305053711
48.544246673583984,50.26422119140625,25.374347686767578,24.539615631103516,20.747892379760742
126.92445373535156,53.286964416503906,44.11619186401367,15.650330543518066,23.948932647705078,20.247318267822266,17.529115676879883
59.37710952758789,65.39407348632812,77.9361343383789,34.62141799926758
91.25190734863281,87.13607025146484,49.08448028564453,45.93112564086914,46.08600616455078
131.9029541015625,77.80168151855469,25.840553283691406,8.835173606872559,10.089303016662598
79.37183380126953,81.5508041381836,43.52013397216797,28.15099334716797,22.127517700195312,22.477121353149414
10.202421188354492,54.2398796081543,45.495262145996094,50.65931701660156,29.885417938232422,45.791282653808594,20.32471466064453,25.208086013793945
80.91252136230469,102.21923065185547,49.0752067565918,54.21641540527344,33.37970733642578,22.75693130493164
56.84232711791992,55.65932846069336,29.305633544921875,24.304706573486328,36.56664276123047,27.341955184936523,14.226410865783691
72.9477767944336,73.99022674560547,65.55220031738281,30.41708755493164,35.55464553833008,14.460204124450684,18.354610443115234
184.1494140625,171.1434783935547,18.955541610717773,22.226272583007812,20.84393310546875
218.88726806640625,31.835981369018555,31.17377281188965,28.99356460571289
69.4603271484375,41.90375900268555,42.862545013427734,35.547019958496094,23.60288429260254
113.39253997802734,74.23323822021484,76.86138916015625,49.013221740722656
71.75784301757812,77.59764099121094,30.048192977905273
52.784725189208984,40.488162994384766,14.166752815246582
100.39208221435547,82.79460144042969,53.70439910888672,25.540510177612305,20.34525489807129,18.888946533203125,18.85811424255371
104.95559692382812,68.63786315917969,9.57341480255127,46.0107421875,34.25615692138672,15.02613353729248
52.63519287109375,32.462650299072266
70.93151092529297,71.30831909179688,26.02213478088379,20.250202178955078,28.642559051513672,23.236862182617188,22.053796768188477
110.8058090209961,38.53086853027344,31.55194091796875,20.585355758666992,14.827227592468262
129.07064819335938,104.69689178466797,56.60367202758789,18.5386905670166,14.301423072814941
77.2438735961914,72.88430786132812,25.665618896484375,20.589521408081055
91.69976806640625,67.06643676757812,62.60691452026367,38.65883255004883,22.76630973815918,37.387855529785156
66.84280395507812,68.4939193725586,52.93169021606445,32.30738830566406,21.311767578125,27.99521255493164,21.38555335998535,9.025822639465332
81.39109802246094,35.50193786621094,27.752723693847656,18.008563995361328,13.205096244812012
73.50566101074219,72.39657592773438,11.855566024780273,53.63888931274414,78.8815689086914,32.75177001953125,28.62825584411621
65.17613220214844,13.734649658203125
63.5952033996582,48.65061569213867,46.83579635620117,42.69768524169922,33.7606086730957,21.040054321289062
127.7430648803711,22.203062057495117,67.5827407836914,23.304901123046875,30.772619247436523,25.492570877075195,22.24152183532715,17.445030212402344
102.06828308105469,53.72196960449219,73.79850769042969,48.586692810058594,26.562986373901367
78.10430908203125,53.34938430786133,65.46002197265625
125.23018646240234,116.02082824707031,10.694613456726074,17.844635009765625
44.54873275756836,56.2816162109375,54.17768096923828,44.40793991088867,19.341846466064453
46.74986267089844,49.805301666259766,47.1828727722168,36.274662017822266
77.44071960449219,72.96443939208984,38.75258255004883,38.38912582397461,28.869136810302734,23.50571632385254,8.73043441772461,15.71119499206543
104.62794494628906,48.06784439086914,39.75998306274414,34.72300338745117,19.34598159790039,25.23850440979004,33.362281799316406,25.84935188293457,25.515695571899414
117.05296325683594,99.06475067138672,70.6500015258789,28.037471771240234,20.026737213134766,16.63318634033203
93.88077545166016,114.2537612915039,70.28392791748047,45.33108901977539,25.404163360595703,17.812122344970703
86.69237518310547,76.0521240234375,49.42062759399414,38.876346588134766,35.38881301879883,18.427486419677734
58.54249954223633,59.62004089355469,21.862274169921875,17.474641799926758,37.14908981323242,19.431682586669922,12.693482398986816
126.66358947753906,87.64198303222656,24.71636962890625,17.273452758789062
94.8958969116211,73.83700561523438,53.39260482788086,58.49293899536133,30.835693359375,27.685941696166992,11.637916564941406,16.40793228149414
96.56396484375,53.503387451171875,49.641746520996094,48.86064147949219,24.526899337768555,24.30113410949707
104.6117935180664,78.9264907836914,57.24898910522461,71.22230529785156,45.19221115112305,48.78781509399414,40.566749572753906,22.55323600769043
59.83799362182617,59.60649490356445,34.69658660888672,15.082954406738281,17.938085556030273,12.886367797851562
85.96990203857422,105.87579345703125,51.97688674926758,42.60116958618164,28.307266235351562,23.34642791748047
105.5099105834961,94.3815689086914,48.26234817504883,61.3658561706543,19.09596061706543,9.495085716247559
68.73455047607422,19.17808723449707,38.2683219909668,16.270662307739258
63.72924041748047,60.23836898803711,36.95624542236328,18.310813903808594
96.14909362792969,78.8709487915039,46.89442825317383,51.53541946411133,24.026430130004883
76.85198211669922,37.09727478027344,12.20654296875,38.845027923583984
98.53166198730469,32.080810546875,27.798465728759766,23.85116195678711,15.490763664245605
100.92617797851562,76.47582244873047,59.108306884765625,57.06070327758789,54.05592346191406,40.59172058105469,30.563556671142578,24.170974731445312,20.51991081237793
133.10032653808594,83.44485473632812,48.66999053955078,39.260658264160156,22.723913192749023
133.9805450439453,107.60166931152344,44.1810188293457,32.55552291870117,30.145906448364258
75.7928237915039,54.67437744140625,32.92820358276367,23.020076751708984,17.961950302124023
42.819644927978516
89.0210189819336,54.80531311035156,35.71689987182617,24.886362075805664,14.167570114135742
89.00863647460938,77.10620880126953,54.06494140625,15.976236343383789
86.535400390625,58.254207611083984,56.946048736572266,48.955265045166016,22.705495834350586,36.21969985961914,21.82082176208496
159.67198181152344,106.57267761230469,63.28022384643555,27.85520362854004,23.865833282470703,14.219337463378906
116.0888442993164,79.41202545166016,66.71200561523438,31.3021297454834,22.097204208374023,13.230361938476562,23.940845489501953,19.162628173828125,21.20989990234375
108.83876037597656,79.56427001953125,42.28391647338867,18.272254943847656,18.980249404907227
105.1273193359375,111.58349609375,79.93087005615234,55.915889739990234,51.17695236206055,30.525205612182617,30.670921325683594,24.917879104614258
76.93680572509766,39.20576858520508,48.1100959777832,43.70625305175781,28.975177764892578,19.263471603393555
67.73992156982422,51.572078704833984,58.773319244384766,31.202648162841797,31.42560577392578,13.53032112121582,12.35070514678955
98.53903198242188,48.05107879638672,38.370147705078125,32.62987518310547,20.644582748413086,24.89266586303711,11.392008781433105,19.089826583862305
70.38867950439453,97.32377624511719,52.011199951171875,33.75575256347656,12.138933181762695
127.78185272216797,104.85413360595703,70.36766052246094,41.847328186035156,21.915592193603516
126.55032348632812,89.27996063232422,48.513214111328125,48.45037841796875,46.03726577758789,27.181087493896484,16.01243782043457
114.52922821044922,105.2733154296875,79.20960998535156,82.70134735107422,64.5488052368164,49.81098175048828,30.53299331665039
137.88095092773438,106.29869842529297,71.41387939453125,15.49262809753418,27.2860164642334,10.234208106994629,28.597198486328125
109.02101135253906,82.76815032958984,45.86128616333008,23.845321655273438
85.06151580810547,52.61360549926758,54.519630432128906,41.9805793762207,22.903310775756836
84.59723663330078,62.00667190551758,39.233829498291016,18.831039428710938
164.01593017578125,42.81508255004883,34.903564453125
98.02123260498047,31.370553970336914,20.491884231567383,24.43937110900879
74.93653106689453,60.07989501953125,52.27615737915039,26.088306427001953,9.317770957946777
107.05355072021484,90.0771713256836,81.32823181152344,76.48599243164062,26.806921005249023,19.781314849853516,10.78972053527832
101.32637023925781,71.2369384765625,68.47435760498047,40.56452560424805,24.525217056274414
87.33111572265625,71.38386535644531,48.73042297363281,20.7166748046875,17.217967987060547
71.15416717529297,63.95412063598633,52.44574737548828,15.366113662719727
119.21928405761719,58.90605163574219,29.102506637573242,26.651611328125,21.310686111450195
122.69318389892578,74.3702392578125,73.92996978759766,60.53974151611328,18.560379028320312,39.15070724487305,18.85103988647461
79.04621124267578,44.43144989013672,33.98677444458008,30.48611068725586,28.130483627319336,16.628686904907227,22.674158096313477,20.075042724609375
28.91729164123535,18.42707061767578
80.90821838378906,58.95683288574219,50.37100601196289
111.46568298339844,41.583892822265625,31.344141006469727,11.603229522705078,17.95914649963379
50.42891311645508,43.075984954833984,27.08245277404785,37.84589385986328,33.62016677856445,30.588394165039062
176.199951171875,164.01426696777344,139.75497436523438,59.1762580871582,10.899603843688965,21.960826873779297
84.65531921386719,32.648197174072266,20.8435115814209,35.03583908081055,16.99959945678711,17.74993896484375,11.75229549407959
85.06832885742188,62.0731315612793,71.19575500488281,12.159523963928223
78.29682922363281,55.11521530151367,61.72653579711914,55.97385787963867,35.88223648071289,15.632793426513672
65.34294128417969,54.705108642578125,42.11818313598633,37.83945083618164,15.217264175415039,23.962520599365234,15.524557113647461
65.73429107666016,28.5472469329834,48.39884948730469,32.46406173706055,26.951683044433594,18.874330520629883,15.72409725189209,9.909951210021973
96.68171691894531,59.066287994384766,49.008331298828125,18.271278381347656,32.829200744628906,47.926719665527344,18.127689361572266,12.259162902832031
116.58963012695312,91.77863311767578,77.13296508789062,39.15937805175781,35.37733459472656,26.183984756469727
161.23492431640625,109.4151840209961,100.55412292480469
104.77010345458984,96.0764389038086,48.46708297729492,38.678714752197266,28.95257568359375
67.97644805908203,59.91965866088867,46.135040283203125,35.23344802856445,42.59904479980469
53.43053436279297,29.94220733642578,28.689725875854492,33.25822830200195,30.522043228149414,18.284523010253906,15.12023639678955
67.58206939697266,55.458213806152344,62.08177947998047,31.12779998779297,33.497283935546875,33.59233856201172
33.835384368896484,39.141719818115234
126.83780670166016,59.88869857788086,44.06372833251953,10.920478820800781
61.919189453125,44.60983657836914,43.15444564819336,30.344593048095703,29.724895477294922,21.435720443725586
62.81740188598633,38.739681243896484,47.417301177978516,26.644439697265625,34.730918884277344
43.377044677734375,52.68503952026367,36.485321044921875,43.5119514465332,31.628225326538086,28.2384090423584
102.91741943359375,65.10662078857422,47.00768280029297,27.421934127807617,29.971302032470703,25.55826187133789
92.35559844970703,53.65352249145508,44.227149963378906
202.75604248046875,109.18679809570312,53.32062530517578,22.22974395751953
94.73038482666016,71.60936737060547,35.83778762817383,38.20954895019531,27.42386817932129
100.6152572631836,82.962158203125,37.569244384765625,22.570201873779297,24.334474563598633,18.320344924926758
111.73796844482422,50.19548797607422,51.36553192138672,20.83831024169922
68.95802307128906,65.59490203857422,37.85099792480469,27.078088760375977,30.981021881103516
31.011110305786133,42.30559539794922,47.24516296386719,30.973051071166992,28.182950973510742,24.34848403930664,8.318215370178223
137.09036254882812,94.28870391845703,97.5550765991211,86.92398834228516,57.37037658691406,47.80809783935547
29.74379539489746,43.52660369873047,24.212568283081055,21.78238296508789
63.8416748046875,36.048702239990234,41.431949615478516,28.401769638061523,23.691831588745117
78.51377868652344,65.64778137207031,51.3917236328125,48.453861236572266,30.23371696472168,17.99601173400879,17.785873413085938
107.53358459472656,69.30017852783203,27.706584930419922,14.292620658874512
75.79871368408203,44.876914978027344,15.00644588470459,18.062345504760742,21.456453323364258,19.639301300048828,17.701601028442383,21.640350341796875
129.2265625,92.39422607421875,62.80289077758789,23.6612491607666,23.306203842163086
121.99706268310547,68.4706802368164,64.97119903564453,34.93031311035156,11.5995454788208
99.44757080078125,75.42211151123047,53.4825325012207,32.572914123535156,15.307689666748047,20.4257755279541
221.19793701171875,39.36128616333008,28.22995948791504,29.36997413635254
46.89323043823242,29.662378311157227,15.16023063659668,15.514081954956055
64.33734893798828,72.60118865966797,62.14498519897461,45.42036056518555,53.020538330078125
102.67878723144531,99.3245849609375,68.39942932128906,25.667621612548828,30.669445037841797,19.73902702331543,12.370741844177246
210.6188201904297,115.7254867553711,74.7535171508789,25.523822784423828,33.30318832397461,23.44662857055664
130.6481475830078,111.12260437011719,88.4774398803711,67.87110137939453,23.311668395996094,16.239139556884766
104.2607650756836,105.90715026855469,54.154422760009766,33.3561897277832,22.290651321411133,38.913978576660156
113.6753921508789,80.55558776855469,55.79771041870117,30.789133071899414,10.257773399353027,19.3873233795166
85.81474304199219,51.21915817260742,43.687217712402344,11.562174797058105,19.95908546447754,25.498233795166016
138.35096740722656,70.53131866455078,30.035886764526367,38.430118560791016,24.15231704711914,20.129173278808594
55.74655532836914,52.07857131958008
56.41368865966797,29.243074417114258,44.772422790527344,18.935482025146484,24.028234481811523,18.161758422851562,14.363053321838379
99.08930969238281,77.36433410644531,66.1612319946289,55.78155517578125
72.1025161743164,73.92697143554688,58.569984436035156,37.15492630004883,28.312908172607422,19.124305725097656
148.11061096191406,118.98495483398438,98.16670227050781,80.36753845214844,24.52473258972168
74.95252990722656,62.999942779541016,39.842952728271484,38.003116607666016,19.95867919921875,21.680522918701172,9.942215919494629
76.09271240234375,58.493404388427734,50.00480651855469,48.480201721191406,35.169403076171875,27.466562271118164,32.750282287597656
89.425048828125,15.601815223693848,57.51218032836914,34.199134826660156,25.428813934326172
126.45861053466797,93.03480529785156,48.56389236450195,38.30384063720703
87.60417938232422,67.60713195800781,54.034366607666016,49.695770263671875,35.46900939941406,18.106327056884766
115.4030532836914,105.1763687133789,34.187721252441406,10.947474479675293,22.060894012451172
80.2399673461914,28.92620849609375,32.298866271972656,30.474931716918945,25.623682022094727,23.945457458496094
51.50551986694336,82.6998291015625,51.70460510253906,62.037845611572266,21.953990936279297,20.751253128051758,24.02246856689453
65.69020080566406,73.17620849609375,67.87908172607422,51.9384765625,23.771936416625977
144.85116577148438,117.45318603515625,46.12995910644531,62.45074462890625,22.17762565612793,26.764558792114258
136.195068359375,38.79664993286133,19.152490615844727,23.198442459106445,18.481548309326172
41.34771728515625,56.41328430175781,56.5474967956543,34.63911437988281,28.329612731933594,33.408538818359375,22.687599182128906
81.52676391601562,54.49721908569336,73.8862075805664,39.30113220214844
119.58507537841797,72.78621673583984,60.531124114990234,14.003503799438477,19.242618560791016,21.06831169128418
67.18722534179688,46.71865463256836,57.56148910522461,46.53112030029297,40.83123779296875,23.18653678894043,27.891109466552734
148.12606811523438,43.38676071166992,35.38262939453125,22.671001434326172,17.746442794799805,13.556160926818848,16.877277374267578
81.23358917236328,73.6747817993164,34.6300163269043,40.82914733886719
86.78167724609375,75.24658203125,30.94818687438965,8.233293533325195,17.91936683654785,13.24707317352295
175.35110473632812,90.25531005859375,52.40082931518555,27.24707794189453,13.136367797851562
75.62258911132812,46.868995666503906,40.65816879272461,48.1196174621582,27.805749893188477,11.127875328063965
88.46089172363281,62.072547912597656,53.740299224853516,41.25261688232422,38.78034973144531,15.360259056091309
66.31417846679688,68.27452087402344,45.74631881713867,39.275291442871094,35.2873649597168,15.210160255432129
110.42857360839844,64.4854965209961,49.30215072631836,33.214481353759766,26.994922637939453
83.97807312011719,44.53997039794922,46.195899963378906,46.07737731933594,25.74884033203125,32.91782760620117
112.88182067871094,120.69429016113281,55.63193130493164,25.36996078491211,21.106285095214844,18.497737884521484
90.73628234863281,61.62234878540039,46.719390869140625,41.24597930908203,16.05108070373535
113.86495971679688,36.22549819946289,37.20359802246094,28.784982681274414,11.426409721374512
58.6990852355957,47.92078399658203,33.9383430480957,28.459148406982422
87.64220428466797,52.95557403564453,28.77452278137207,10.333427429199219
58.6226806640625,44.69015121459961,40.66395568847656,45.889766693115234,33.48434829711914,27.370323181152344
100.98819732666016,48.05415725708008,45.029136657714844,22.650196075439453
92.85095977783203,43.55752182006836,29.844905853271484,27.83553695678711,21.689697265625,14.668418884277344,23.258913040161133
124.20003509521484,60.58237075805664,26.478490829467773
116.0152359008789,61.81831741333008,75.1207275390625,77.49183654785156,32.52268981933594
61.60133361816406,81.16488647460938,58.4604606628418,42.17014694213867,27.882131576538086
72.47288513183594,18.31346893310547,28.700767517089844,29.59311294555664,42.01898956298828,17.008399963378906
306.7225341796875,286.8804626464844,181.9498748779297,125.47142791748047,21.68033790588379,28.751129150390625,12.582268714904785
