1.022199034690857,0.7986594438552856,0.7670885920524597,2.8310699462890625
1.2648829221725464,0.8863915801048279,2.3225643634796143,0.4709720313549042,1.0458122491836548,0.9859174489974976
0.8254731297492981,0.41494321823120117,1.6646629571914673
-1.0061231851577759,0.49865129590034485,0.7658931016921997,-0.9933838844299316,3.799870729446411
-2.099674940109253,-1.3791698217391968,0.41268742084503174,-1.281955361366272,-3.2315287590026855,-0.8849925398826599
-1.3150465488433838,0.6916015148162842,-1.89017653465271,-0.20302826166152954,0.5235465168952942,0.8134505152702332,2.9370925426483154
-0.8366878032684326,-0.15531177818775177,-0.27740833163261414,0.10731746256351471,1.286764144897461,-0.5371443629264832,-0.3116842210292816
-1.8346821069717407,-0.3618626296520233,-2.5059478282928467,0.5335659384727478,-0.7644240856170654,-2.110799789428711,-3.4223461151123047,-3.0112552642822266
-0.434167742729187,1.5515693426132202,-1.824709177017212,-0.8452029228210449,-4.34013557434082
1.7695472240447998,-0.3897760212421417,0.9640035033226013,2.705275535583496,-0.5828763246536255,1.13432776927948
0.2873136103153229,-2.866194009780884,1.0886975526809692,0.03513050451874733,2.3020193576812744,0.3620237112045288
0.30485719442367554,-1.4090853929519653,-0.4607864320278168,-0.9251960515975952,0.07149793207645416,4.725903034210205
-2.3327653408050537,-0.49942275881767273,-1.3804670572280884
0.3201941251754761,0.4984686076641083,0.28114786744117737,1.2321758270263672,-0.7751800417900085,-0.5841902494430542,2.321366786956787
2.2783126831054688,1.777687907218933,2.0636708736419678,2.746342420578003,2.520751476287842,0.400757372379303
-0.39539390802383423,0.12657074630260468
1.9984028339385986,1.767953872680664,2.1217029094696045,1.3439747095108032,2.7444348335266113
2.268191337585449,2.7907657623291016,2.7090280055999756,3.044814109802246,2.189305067062378,2.895409107208252
0.21944916248321533,-1.109371542930603,0.14434604346752167,0.5836734771728516,-2.2910008430480957,-0.2629123628139496,0.9108119606971741
-2.3023905754089355,-2.5108730792999268,-1.4759063720703125,-1.5745848417282104,0.5234525799751282,-3.028083086013794,-0.7856593132019043
1.9513970613479614,1.444946050643921,3.3892641067504883,2.231311559677124,2.822951555252075
0.007596984039992094,-0.6704398393630981,-2.913160800933838,0.07002267241477966,0.7909083366394043,-2.826674699783325
-0.42436695098876953,-0.7669180631637573,-1.8985754251480103,-1.8832671642303467,0.7641385197639465,-1.3543373346328735
-0.6938639879226685,-1.951691746711731,0.17073968052864075,-0.11060996353626251,-0.9245845675468445
-0.2370757907629013,0.36052218079566956
-3.1075265407562256,-0.8339660167694092,-1.3614414930343628,-2.9112093448638916,-0.8019312024116516
-0.5538502931594849,-1.6626739501953125,-1.589172124862671,2.550048589706421,2.67795467376709
0.38467857241630554,0.03368588164448738,0.24077613651752472,0.7907371520996094
0.056719325482845306,-0.8694390654563904,0.4887528717517853,1.939679741859436,-1.3023163080215454
-0.28122639656066895,-0.7389758825302124,1.5820372104644775,2.5032827854156494,-3.982271671295166
-0.7522789239883423,0.40687763690948486,0.5446058511734009,1.1378029584884644
-0.3077905476093292,-0.7786166667938232,0.023995663970708847,-0.8587803840637207,-0.992005467414856,-1.5170199871063232
-2.4577064514160156,-3.0117437839508057,-1.428173303604126,-3.8792471885681152,-0.5733850598335266
-1.4748084545135498,-2.513848304748535,-1.629555106163025,-0.04131510108709335,-2.0743610858917236,-0.5453302264213562
-0.314308762550354,-1.0851455926895142,-1.1392775774002075,-1.1384958028793335,-1.3579341173171997,-0.8261371850967407,2.27618145942688
-0.8047977089881897,-0.8432270288467407,1.3857228755950928,0.1507195681333542
2.861802339553833,3.0024986267089844
-1.0182480812072754,-1.7881834506988525,0.03176840767264366,-1.3629283905029297
1.556122064590454,0.4281177222728729,0.14392296969890594,-0.08727991580963135,-0.35335078835487366
-0.9260114431381226,-1.6465981006622314,-1.290634274482727,-2.6029820442199707,-1.0278602838516235,-1.7953824996948242,-1.870566487312317,-2.304157018661499,-3.2669553756713867
-0.3376785218715668,-1.3272935152053833,0.8909691572189331
-2.436166524887085,1.6441419124603271,-1.1056571006774902,-3.5245068073272705,-1.481529712677002
-1.9303611516952515,-0.7134142518043518,-2.4702963829040527,-1.021075963973999,1.9431177377700806
-1.6198253631591797,-1.2704232931137085,-2.227916955947876,-3.034280776977539,0.6014841794967651,-2.0006349086761475,-0.1817764788866043
-1.2280677556991577,0.1228964701294899,-2.2262840270996094,0.6553616523742676,-1.3752588033676147,1.4625064134597778,-3.546940803527832
-0.22384943068027496,-1.162623405456543,-1.479196548461914,-2.71235990524292,-0.978213906288147,-1.6900544166564941
0.8636502623558044,0.7721912860870361,0.2942982614040375,-2.9479293823242188,1.7522411346435547
-1.2314966917037964,-0.9877162575721741,-1.3692474365234375,-0.37207305431365967,-0.203800231218338,2.9949653148651123,2.8174848556518555
0.5765057802200317,1.5908873081207275,2.5208659172058105,1.2345366477966309
-1.1844472885131836,-1.5404185056686401,-0.7694165110588074,-2.422349214553833,-1.5302412509918213,-2.143319845199585,-2.344552993774414
0.30713486671447754,-0.6959916949272156,-1.1079965829849243,0.5914139747619629,-0.3989403247833252,-1.376550555229187
-0.4259726405143738,0.3147446811199188,-1.360531210899353,0.551059901714325,-0.7277534008026123,0.008262835443019867
-0.9083016514778137,-1.549920678138733,-2.2296998500823975,-0.34188297390937805,-3.498763084411621
-1.6335183382034302,-0.7280479073524475,1.8666168451309204
-0.1120891124010086
-0.42573198676109314,-0.39602455496788025,-1.099441647529602,-0.13537439703941345,-1.6029621362686157
-1.8405485153198242,1.5043493509292603,-0.20554059743881226,0.8602725863456726,3.7102229595184326,0.12543421983718872,-0.8209155201911926
-0.9101404547691345,-1.7864532470703125,-0.819089949131012,1.8816355466842651,1.6939833164215088
-1.0468941926956177,3.2029473781585693,3.0744545459747314
-1.1110962629318237,1.4899715185165405,0.6917279362678528,-1.1467219591140747,-3.018515110015869,-1.85165274143219
-1.4446934461593628,-2.1804215908050537,-2.2757925987243652,-0.9446386694908142,-2.1337428092956543
-0.33533453941345215,-0.31166407465934753,0.6067035794258118,-1.117628812789917,-0.301724910736084
-1.1839715242385864,1.5939725637435913,2.8521311283111572,-3.9400365352630615,-1.387067437171936,-1.46347975730896
0.4419899582862854,0.7270104289054871,1.1159690618515015,0.5865691900253296,-0.3365354835987091,2.105875015258789
-0.8531145453453064,-1.3037219047546387,-1.8549995422363281,-1.3820301294326782
-3.29264497756958,-2.4219326972961426,-1.7422823905944824,1.9729145765304565
-1.0578166246414185,-0.20378302037715912,-1.5994963645935059,-0.5015677809715271,1.0074900388717651
1.2844550609588623,0.6645207405090332,2.232640266418457,1.8383904695510864,0.964976966381073,0.6424641013145447
0.15532968938350677,0.8559998869895935,1.9470189809799194,-0.7739682793617249,0.2560504674911499
-3.259742021560669,-2.7583882808685303,-1.6567455530166626,-2.535639524459839
-0.9447588324546814,-0.902590274810791,-0.33416813611984253,-0.8073948621749878,-0.15916064381599426,0.04645497351884842,-2.8337368965148926
0.5459337830543518,-0.20264796912670135,-0.9642100930213928,2.551457643508911,-0.8074405193328857,-0.15238384902477264,-2.7494149208068848,-3.604255437850952,-0.8728059530258179
0.9241253137588501,-1.049087405204773,0.6574707627296448,-3.9962782859802246
0.46341773867607117,0.22229744493961334,0.8840610384941101,1.2871992588043213,-1.5365859270095825,-0.337446004152298,1.8122193813323975
-1.5628869533538818,-0.7094264626502991,-2.861102342605591
-0.6207167506217957,1.5060919523239136,0.12424195557832718,-0.07838992774486542,-0.6764323115348816,-1.6544772386550903,-0.8436258435249329,-0.1333494931459427
0.003821521531790495,-1.0775254964828491,-0.007137922570109367,-0.647228479385376,-1.1825512647628784,1.1857929229736328,0.9708895683288574
0.062253449112176895,-0.4737229347229004,1.1981579065322876,0.4262200891971588,-0.3854014277458191,-0.7667160034179688
0.8255738019943237,2.0392987728118896,0.4074755907058716,-0.009523864835500717
0.8177898526191711,0.3283534049987793,-0.030622581019997597
-0.9452502727508545,-2.711728096008301,-2.0928955078125,-0.5235255360603333,-0.7298239469528198,-0.9527308940887451
2.6883723735809326,2.1257200241088867,3.6015329360961914,2.137409210205078,2.0137939453125,2.7172882556915283
0.7697106599807739,0.15121214091777802,-0.6192165017127991,1.301971673965454,-0.5195664763450623,0.2833537757396698,0.39669206738471985,-0.175995334982872,-2.859029531478882,-0.09932864457368851
0.724162220954895,-0.17023979127407074,0.5389482975006104
0.06250409781932831,-0.8682259321212769,0.6053398847579956,-1.6650769710540771,-0.7482327818870544
-0.6300214529037476,0.7404913902282715,0.9037715792655945,-0.6977079510688782,0.5086318850517273
3.4331984519958496,0.7215880751609802,1.526974081993103,3.626325845718384,0.021828090772032738,2.3309333324432373,3.1168315410614014,1.135448694229126
1.3715661764144897,-1.038772463798523,0.12288573384284973,2.097487211227417,0.9423903226852417
-0.602534830570221,0.33190569281578064,-0.17710673809051514,-0.0024427869357168674,-2.327965259552002,-1.2184464931488037,0.8546751737594604
-0.3246140778064728,0.20645035803318024,-1.9597928524017334,-0.6811774969100952,0.9918255805969238
2.02317214012146,3.5222203731536865,2.156113624572754,0.9001397490501404
0.19982898235321045,-0.593761146068573,-0.584787130355835,-0.7219759225845337
-0.4064268171787262,1.251680612564087,0.36825963854789734,-0.3853551149368286,0.0873531624674797
2.4646081924438477,-0.07640576362609863,0.6963539719581604,1.9657760858535767
-0.9286898374557495,-0.8184751272201538,-0.3928774297237396,-1.0364400148391724,-3.0885913372039795
0.9279124140739441,-0.822843611240387,1.5994466543197632,0.8078556060791016,-1.414979338645935,-0.8173124194145203
0.4126295745372772,-0.08650637418031693
0.4355332851409912,-1.7650734186172485,-1.1959748268127441,-0.9396283030509949,2.464794635772705,2.4660491943359375,0.26876282691955566
1.7552216053009033,2.9089744091033936,1.2509775161743164,2.3061423301696777,0.3937738835811615,0.9146853685379028,-0.8104667067527771
0.2783434987068176,-0.2470260113477707,-0.13981859385967255,0.12480325996875763,1.526288628578186,-3.8569986820220947
1.0418063402175903,1.4918076992034912,0.7494665384292603,1.2131050825119019,1.494943380355835
-1.8763909339904785,-2.418954372406006,-3.322073459625244,-1.9711476564407349,1.7389875650405884
-2.9125194549560547,-0.639114260673523,-1.0598368644714355,-1.8187494277954102,-0.7769091129302979,3.1120262145996094
0.2940971255302429,0.02774970419704914,1.0993417501449585,-1.141466736793518
0.35297340154647827,-1.2621647119522095,-1.1800832748413086,-1.2188268899917603,-1.0358930826187134
-1.8716273307800293,-1.0716747045516968,-1.688419222831726
0.23561975359916687,1.2304044961929321,-0.2991294860839844,1.5294489860534668,0.9807230830192566,0.20164445042610168,-0.08356299996376038
-1.9420124292373657,-1.1952424049377441,-0.8911470174789429,-1.4681626558303833,-2.1280786991119385,-3.197180986404419
0.3526015281677246,1.086979866027832,1.15263032913208,1.0400304794311523,-0.07396144419908524,-3.2151503562927246
-0.5275828242301941,-1.186374545097351,-0.9837626218795776,-1.9595141410827637,0.16598249971866608,-2.0943503379821777,-2.1462244987487793
-2.961658000946045,-1.893872618675232,-1.4849555492401123,-3.600752830505371,-1.9741449356079102,-1.8525854349136353,-2.54341983795166,-2.3116486072540283
1.1970244646072388,0.8581072092056274,1.4204010963439941,0.35794147849082947,-1.2853814363479614,1.4501551389694214,1.3231843709945679,-4.096992015838623,0.11912481486797333,-0.6237122416496277
-0.4558786153793335,-1.5602946281433105,-0.34055593609809875,-3.2845282554626465,-2.787324905395508,1.7987254858016968,2.5092432498931885,3.780954122543335,-2.4845962524414062
-0.6208734512329102,-0.8778140544891357,-0.7758402824401855,-1.7066521644592285,-1.720149040222168,3.650477647781372,2.4677908420562744
-2.6690099239349365,-4.5192646980285645,-2.666316270828247
0.1512463539838791,0.3247468173503876,-0.27509814500808716,0.7655308246612549,0.5241402387619019,-1.988810658454895,1.6097840070724487
0.6529417634010315,0.6225003004074097
1.1959822177886963,2.2101495265960693,-1.344065546989441
-0.13155360519886017,0.37573257088661194,0.3759426772594452,-0.1263938844203949,1.1102465391159058,0.5593646764755249,-0.4889163374900818
-1.2940442562103271,-0.727005660533905,2.9988887310028076,-1.813247799873352
-0.4586542248725891,0.32390737533569336,-2.5326902866363525
2.290757417678833,0.644623339176178,-1.0237640142440796,0.8266434073448181,1.0902836322784424,1.1332560777664185
-0.1756342053413391,-2.4488961696624756
-0.05624532699584961,1.1090134382247925,1.0701693296432495,0.13697083294391632,0.2939734160900116,0.8325862288475037
0.5666969418525696,1.6743143796920776,2.3816263675689697,0.174238383769989,3.7785966396331787,-2.7619032859802246
-2.7005088329315186,-2.4751408100128174,-2.9659876823425293
0.37717944383621216,-1.1350568532943726,-1.3198049068450928,0.43683767318725586,-2.3034462928771973,-0.6906648874282837,-1.0043116807937622
1.0496543645858765,-3.1127727031707764,-0.17314063012599945
-0.8456584811210632,0.10631804168224335,1.866054892539978
-0.8325108885765076,1.6911060810089111,-0.8633192777633667,0.7568981051445007,0.7663112878799438,1.6835144758224487
-0.10199033468961716,1.6266655921936035,-3.2149252891540527,0.9721643328666687
-0.2316252440214157,-0.1965962052345276,0.7821049690246582,1.5074679851531982,0.18113310635089874
0.24347929656505585,-2.036992073059082,-1.2160745859146118,0.0212433822453022,-0.7417186498641968,0.3125802278518677,-0.6599408388137817,0.010339627042412758,1.0435147285461426
-0.3548756539821625,0.017834413796663284,-0.8644750714302063,-0.4277733564376831,0.8056678771972656
0.819756269454956,0.1516750454902649,1.443625807762146,-0.23570559918880463,0.9523237943649292,1.4116706848144531
1.6472318172454834,3.682345151901245,2.506582498550415,3.070432662963867,2.535735845565796,2.5477888584136963
-0.530979335308075,1.0658469200134277,-0.3900076746940613,0.14705725014209747
0.8585250377655029,-0.6972748637199402,-1.83027184009552,2.674609661102295
-0.7198367714881897,-0.8115668892860413,-0.12284857779741287
1.6968958377838135,1.2236169576644897,1.189760684967041,0.7702062129974365,2.9283087253570557
-2.096503734588623,-2.9762420654296875,-1.6863240003585815,-2.955228805541992,-2.9294681549072266,1.1473965644836426,-0.6202329993247986
-0.006497708614915609,-1.3463788032531738,-0.4697094261646271,0.7557867169380188,-1.9935619831085205,-1.4946368932724,-1.212967038154602
-1.1538639068603516,-0.6968215703964233,-0.5493719577789307,-0.9626005291938782,-1.1983588933944702,0.4988906681537628
3.2565813064575195,1.7391401529312134,2.9019510746002197
-1.3473626375198364,-0.30327343940734863,-1.4840165376663208,-0.2678029239177704,-0.8076183795928955,-0.14961208403110504,3.7026426792144775
-3.1405324935913086,-1.6916316747665405,0.8367719650268555,-1.9600679874420166,3.649014949798584,-2.917987585067749,-4.202383041381836
1.877375602722168,-0.7992510199546814,1.8401544094085693,-2.862713575363159
-1.5552934408187866,-2.3136303424835205,-1.5981261730194092,-1.7273285388946533,-4.238490581512451,-0.6458351016044617,-3.224727153778076
1.216097354888916,0.9959849715232849,-1.0642473697662354
-0.5032448172569275,-0.9759306311607361,2.1967132091522217,0.9648374915122986,-0.11028973013162613,1.0315568447113037,0.23926429450511932,1.1093510389328003
-0.2018621414899826,-1.51030433177948,1.3894964456558228,0.21891838312149048,1.0164114236831665,3.029181718826294,-0.004726592916995287,2.0785107612609863
-2.0953845977783203,-0.4748390316963196,-1.8483816385269165,-0.5686344504356384,-0.5246144533157349,4.577044486999512
-0.7947675585746765,0.291688472032547,-0.159498929977417,-1.1913450956344604,-1.617954134941101,-0.4124215245246887,0.7660888433456421
2.3376054763793945,3.4489283561706543,0.6667318940162659,-2.2387325763702393
-0.8132187724113464,-0.3421820104122162,-0.22802986204624176,-1.20280122756958
-0.8929765224456787,-2.2426154613494873,-0.88680499792099,-0.4529368579387665,-2.7373459339141846
1.233684778213501,1.1110526323318481,0.5904368758201599,2.3872482776641846,0.9864149689674377,1.715287446975708,2.3573524951934814
-0.03577699884772301,1.157155156135559,0.0226606298238039,-0.611727774143219,0.054986290633678436
-2.3912384510040283,-2.5549941062927246,-1.8179776668548584,-2.2565464973449707
-1.1344629526138306,-1.6751177310943604,-1.7459063529968262,-0.5696624517440796,-1.6271690130233765,0.8216972351074219,-0.5025738477706909,-0.28468847274780273
0.11009515821933746,0.1925971359014511,-0.0043915798887610435,0.5532517433166504,-2.236565113067627
0.0033306218683719635,-0.5345127582550049,-0.5823016166687012,4.927473545074463
0.7372031807899475,0.022986020892858505,3.3404574394226074,-2.078519105911255,-0.6040116548538208,-0.3498421311378479,-1.2282214164733887,1.5478885173797607
-0.28669458627700806,0.7370306849479675,-0.2266939878463745,-1.002315640449524,-3.0738251209259033,0.8073870539665222
-2.3118913173675537,-2.0468149185180664,-1.9375652074813843,-1.2271268367767334,-0.41229909658432007
-1.271424412727356,-0.5856215357780457
-0.2295883595943451,1.2886766195297241,-0.3390440046787262,0.25675204396247864
-2.52634596824646,-2.715743064880371,-1.3645853996276855,-2.2149665355682373,-3.2200448513031006,-1.5790774822235107,-3.7897160053253174,-2.5526537895202637
1.720520257949829,1.1392896175384521,0.493775337934494
3.6105058193206787,1.8635215759277344,2.4773950576782227
-0.37373483180999756,0.037008970975875854,0.15868310630321503,-2.184060573577881,0.5116125345230103,-0.8503999710083008
1.484887719154358,2.6656734943389893,1.057956337928772,0.35514599084854126,1.467553973197937,1.4787594079971313
0.9009997248649597,0.5979278087615967,-2.067288398742676,1.650767207145691,4.152951717376709,-1.279959797859192,-0.2858937978744507,-1.5185710191726685
-1.372685194015503,-1.9027631282806396,-2.302948474884033,-1.3682706356048584,-0.4418399930000305
1.1982512474060059,-0.6374819874763489,0.6353633999824524,-0.36018067598342896,0.6593379974365234,-0.34118756651878357
1.7099021673202515,2.404999017715454,2.2113142013549805,0.21630920469760895,1.7788656949996948
1.1858774423599243,2.428960084915161,2.982762575149536,3.179898738861084,1.9667221307754517,0.9744905233383179,-1.6879074573516846
-1.3659051656723022,-1.3097169399261475,0.08740551024675369,-1.2783209085464478
2.765348196029663,0.9101070165634155,3.314598321914673,0.8655816912651062,1.071313500404358
2.3670318126678467,0.5439130663871765,0.4295089542865753,3.4554283618927,0.7837468385696411
-0.3953040838241577,-0.7287099361419678,0.5700724124908447,-0.7792650461196899,1.3909883499145508,0.055014997720718384
2.8650522232055664,2.406928062438965,1.7336041927337646,1.288144588470459,1.0358901023864746,2.8560099601745605,3.5879783630371094,2.461611747741699
-1.439676284790039,-1.2411783933639526,-1.7203528881072998,-0.8489710092544556,-0.22940072417259216,-0.6094927787780762
-1.733420968055725,-0.6438650488853455,-0.22381290793418884,-0.08017732948064804,-0.5855890512466431,0.3830643892288208,-1.985107660293579
1.3454972505569458,1.8066871166229248,0.8405731916427612,0.8847221732139587,3.1983113288879395,1.581488013267517,4.848252773284912
-2.2616307735443115,0.08097448945045471,-1.777174472808838,-1.0779790878295898,-0.0081100482493639
-0.012371831573545933,3.3400790691375732,-3.3919315338134766,-2.562124490737915
2.3787057399749756,0.11074720323085785,2.317276954650879,2.317018747329712,1.3830320835113525
-2.4505109786987305,-2.4357950687408447,-1.8197553157806396,-2.1788275241851807
0.7955562472343445,0.2038852870464325,-0.9020416140556335
0.41212087869644165,1.200262427330017,-1.4947068691253662
1.6114474534988403,2.171499729156494,1.6524851322174072,0.6517395377159119,1.3924232721328735,1.9278935194015503,0.9602901339530945
-0.112139992415905,1.7923094034194946,3.11605167388916,-0.6898363828659058,-1.0341655015945435,1.554198145866394
1.6668055057525635,1.4066671133041382
-1.55696702003479,-1.5428048372268677,-2.303964376449585,-0.47089409828186035,0.3924071490764618,-0.6056256890296936,0.029749613255262375
-2.5164170265197754,-2.1871337890625,-2.9849767684936523,-2.5326087474823,-1.8627331256866455
-0.3552911579608917,-1.4925450086593628,0.1090623140335083,-0.12947018444538116,-0.004522818140685558
0.7975761294364929,1.5307303667068481,1.4073973894119263,-1.8737291097640991
-1.2645989656448364,-2.5412991046905518,-1.6800614595413208,-2.6426584720611572,-2.495540142059326,-1.601413607597351
3.063295841217041,2.7959723472595215,2.207066774368286,1.4036774635314941,2.4959731101989746,2.730781316757202,2.16886568069458,-2.3613054752349854
0.4287712872028351,-2.3059916496276855,-0.7215651869773865,-1.6739823818206787,-2.1968026161193848
-1.2275323867797852,-1.2153124809265137,-1.470888376235962,-2.165116548538208,-1.7437312602996826,-0.5226487517356873,-1.0715075731277466
-0.744048535823822,1.444549798965454
-0.35571080446243286,0.9953810572624207,-0.5039646625518799,-1.6083598136901855,0.35047104954719543,-0.6792612075805664
1.2260388135910034,0.48112422227859497,0.2833070158958435,0.9556777477264404,-0.45619824528694153,-0.07957778126001358,1.3896733522415161,-1.4630926847457886
-1.0414828062057495,-1.4132144451141357,-0.5392249226570129,-1.7525651454925537,0.783734917640686
0.5931857228279114,-0.4609249532222748,0.8833833336830139
-0.7542157769203186,-0.6343835592269897,0.2391662448644638,-0.8770380020141602
1.956365942955017,1.4443647861480713,1.3465646505355835,1.9514613151550293,2.6207079887390137
-1.7834722995758057,-0.34755828976631165,-1.3253004550933838,0.9419981241226196
0.28254756331443787,0.8209283351898193,0.16786354780197144,0.920817494392395,-0.6086709499359131,1.309499740600586,-3.801926374435425,1.8198776245117188
-0.39593541622161865,-0.029345722869038582,0.057193078100681305,-0.5096212029457092,-3.966279983520508,-1.1959973573684692,0.7598709464073181,-1.2270715236663818,4.176602840423584
0.006123178172856569,-0.7319530248641968,-1.0227134227752686,-0.2538110613822937,-2.4708051681518555,-0.5000751614570618
-1.3417919874191284,-1.2003835439682007,-0.24489465355873108,-2.0210726261138916,0.00028692669002339244,0.6055670380592346
-1.0566891431808472,-1.4322930574417114,-1.7559089660644531,-2.1079678535461426,-0.4364384710788727,-1.17733633518219
-1.2778047323226929,1.264107346534729,-3.977423906326294,-3.183176040649414,0.27355751395225525,1.2564481496810913,-0.5367685556411743
-2.613922119140625,-1.7132463455200195,-1.6515986919403076,0.08513502031564713
1.8525147438049316,-0.8143478631973267,1.1729991436004639,-0.23503972589969635,-1.4635647535324097,1.347545862197876,0.891649067401886,-1.020972490310669
1.3480929136276245,-0.3698807656764984,0.6607127785682678,-0.16706819832324982,0.2018633633852005,2.7359352111816406
0.7603949308395386,0.8403581380844116,1.2253912687301636,1.116442322731018,0.5985917448997498,1.4325779676437378,0.9045154452323914,1.629254698753357
-0.891520082950592,-2.870868682861328,-2.172776460647583,-0.9023598432540894,-0.008219927549362183,-1.3279790878295898
1.0440232753753662,-0.5895564556121826,0.11933553218841553,-1.3026586771011353,0.41016003489494324,-0.9407023191452026
-0.5201050043106079,0.6781942844390869,1.2439496517181396,-1.3360850811004639,-1.6392611265182495,-0.8783800005912781
-2.8484954833984375,-1.5260154008865356,-3.346747398376465,1.0695576667785645
1.2960338592529297,0.09065345674753189,2.4320430755615234,1.3896243572235107
1.1998685598373413,0.5638617277145386,0.22957998514175415,0.9696413278579712,0.11864335089921951
1.926703691482544,2.9149632453918457,-0.5240379571914673,3.803698778152466
2.789067268371582,0.16737250983715057,1.6167042255401611,1.7644753456115723,-2.1962954998016357
-0.08135049045085907,0.5790244936943054,0.8656285405158997,-0.974818766117096,0.7370885014533997,0.022159483283758163,1.7688469886779785,0.7763120532035828,-0.3523682653903961
1.8133889436721802,-0.1639740765094757,0.5300799608230591,0.9917241930961609,3.1643288135528564
1.5700631141662598,0.5518618822097778,0.6227293610572815,-0.11432550847530365,0.05830133333802223
0.0015711073065176606,1.946501612663269,1.190878987312317,0.5368270874023438,1.93422269821167
1.3706001043319702
-0.9197368621826172,-2.2349050045013428,-2.317669153213501,-0.3246977627277374,-1.9223452806472778
-0.030290454626083374,0.5580793619155884,1.3692957162857056,1.28249192237854
2.307732343673706,-0.3094673156738281,1.9860097169876099,-0.0863577201962471,-0.23578615486621857,0.5151757001876831,4.602594375610352
0.028909403830766678,-0.9967538118362427,-1.124531626701355,1.039146065711975,-1.0623338222503662,-0.4774027168750763
0.08057650178670883,2.5656158924102783,1.451560616493225,1.7589744329452515,0.2593807578086853,2.8974902629852295,0.2740090787410736,0.223423570394516,0.9368966817855835
1.1430931091308594,-0.04575223848223686,1.397154688835144,0.2733359634876251,1.9068106412887573
1.5051548480987549,1.7891744375228882,1.2360352277755737,1.4998722076416016,2.7795956134796143,-0.7011605501174927,1.0319206714630127,-4.000964164733887
1.8738205432891846,0.5019501447677612,1.1579495668411255,0.3456561863422394,1.8971754312515259,1.2661223411560059
-1.7373980283737183,-2.4860310554504395,-1.3249646425247192,-2.6126532554626465,-1.5677621364593506,-0.3357754647731781,-1.0033824443817139
1.4866089820861816,0.9489573240280151,0.6476678848266602,0.8284506797790527,1.9783674478530884,-2.2266275882720947,-1.3432731628417969,1.1700783967971802
1.2924901247024536,1.212679147720337,0.37653616070747375,1.8803833723068237,1.0973145961761475
-0.641052782535553,-1.3451459407806396,-0.7825316190719604,-1.9057490825653076,0.23749452829360962
1.4812780618667603,0.0315060093998909,-1.207707166671753,1.9544141292572021,-0.4068937301635742,0.43211129307746887,2.257162094116211
-0.24380123615264893,-1.1230559349060059,-0.24219703674316406,0.5629196166992188,-0.7307133674621582,-0.9190600514411926,-3.1020936965942383
-0.5886937379837036,-0.08171628415584564,-0.7278279662132263,-1.4763727188110352,-0.758834958076477,-0.16458061337471008,-1.5498251914978027
0.18323330581188202,0.8306207060813904,-0.19408288598060608,-0.8286870718002319
-0.762176513671875,-0.8960585594177246,-1.6027809381484985,-1.345347285270691,0.19568488001823425
-1.4323307275772095,-0.9623055458068848,-0.7145655155181885,-2.156179428100586
2.104215145111084,3.140902280807495,0.754974365234375
0.8962565064430237,1.258277177810669,-0.979231059551239,-3.6783084869384766
-0.30644097924232483,0.48454201221466064,2.385930061340332,1.247480869293213,1.732136607170105
1.5232523679733276,1.2986488342285156,1.4677419662475586,1.6106878519058228,0.6365103721618652,1.8260408639907837,0.30774858593940735
-0.5408207178115845,0.4865386486053467,0.24160802364349365,-0.2750818431377411,-1.6194034814834595
-0.41755175590515137,-0.1654636710882187,-0.10043013840913773,3.598263740539551,1.2044810056686401
-2.3344128131866455,-2.4990408420562744,-2.4202401638031006,-0.9849860072135925
2.6549768447875977,2.571906805038452,3.1325490474700928,1.8517138957977295,1.9234250783920288
-2.4950873851776123,-0.4785948097705841,-1.207940697669983,-1.5505226850509644,-4.158498764038086,-3.1702542304992676,0.17566311359405518
1.0470153093338013,0.021017875522375107,0.5884705185890198,0.07617314904928207,-0.10332737118005753,1.755906581878662,1.2180886268615723,2.066215753555298
1.186440348625183,-1.201344609260559
1.3647568225860596,0.5314949750900269,2.0954391956329346
0.34699851274490356,1.7977526187896729,0.27971673011779785,-1.5482888221740723,-0.2822362184524536
1.9568912982940674,0.9070572257041931,0.6633214950561523,-1.4296904802322388,1.6802366971969604,0.945347249507904
-0.21494892239570618,-0.27024587988853455,0.22660739719867706,0.6099870204925537,2.2147161960601807,-1.438934326171875
-0.8446537256240845,0.4087747037410736,0.36950767040252686,0.130947083234787,1.7606451511383057,-1.6683326959609985,-1.6433274745941162
-1.60563325881958,-2.3682854175567627,-2.02830171585083,-1.5577045679092407
-0.27348217368125916,1.4163970947265625,-0.12714219093322754,1.0358251333236694,0.4906359612941742,-1.049726128578186
0.5831805467605591,-0.16062632203102112,1.0011248588562012,-1.2731351852416992,1.7458291053771973,-1.0389885902404785,-0.8181480765342712
-1.9175174236297607,-1.0229952335357666,-1.4721510410308838,-2.427459478378296,-0.4361708164215088,-4.758533954620361,-1.700350284576416,-2.616713047027588
2.1907029151916504,1.7064988613128662,3.009390354156494,-3.3111932277679443,0.8313504457473755,2.2511847019195557,0.309768408536911,-0.40790626406669617
-0.23351149260997772,1.0137512683868408,1.0702558755874634,1.038923740386963,-0.22002939879894257,-0.029069561511278152
1.609021782875061,1.8593108654022217,1.5366638898849487
0.335922509431839,-0.7835599184036255,1.5086427927017212,0.5687596797943115,0.04511939361691475
0.20868739485740662,2.0834202766418457,1.362870693206787,1.1424130201339722,-0.04401975870132446
-2.4975221157073975,-1.2982637882232666,-2.916506290435791,-2.1633033752441406,-2.6336560249328613,-0.7134721279144287,-0.21625210344791412
0.3237711489200592,1.731086015701294,1.30478835105896,1.169132947921753,0.019019873812794685,0.9384012222290039
-0.09848900139331818,-3.0857276916503906
-2.185870409011841,-0.27052029967308044,-1.8422490358352661,-0.5171270966529846
0.4127967655658722,2.2212796211242676,2.8565170764923096,1.5170060396194458,1.9675227403640747,0.7094647884368896
-0.5623610615730286,-1.9795671701431274,-0.6747952103614807,-1.168653964996338,-3.00258207321167
2.5808515548706055,3.3138747215270996,1.6347393989562988,0.1255965232849121,1.0029674768447876,-0.5761627554893494
1.2960125207901,-0.8742610216140747,-0.5899569988250732,-1.9296995401382446,1.042022466659546,2.3034040927886963
-0.36527854204177856,-0.2848891615867615,0.4774264097213745
-0.5661941766738892,-1.3170526027679443,-0.388354629278183,-0.03288135305047035
1.2355530261993408,0.47429293394088745,1.2249622344970703,2.545971393585205,3.0033533573150635
0.7985857129096985,-0.27792778611183167,1.012315034866333,0.33908936381340027,0.7785210609436035,-1.8486136198043823
-0.7449167370796204,-0.5927882194519043,-0.7601290345191956,-1.0220975875854492
-0.6468575596809387,-0.35512101650238037,-2.7017908096313477,-1.6912841796875,-1.8629852533340454
-2.8844685554504395,-1.185468316078186,0.1140647828578949,-1.079967975616455,-2.6281495094299316,-1.489412784576416,-2.593599796295166
3.0500104427337646,0.7223677039146423,1.386389970779419,2.7561118602752686,-0.18347729742527008,2.077512264251709
-1.2025387287139893,-1.218845009803772,-1.6950368881225586,-2.221464157104492
-0.63288414478302,-1.3302901983261108,-1.567429780960083,-0.34262025356292725,-2.3871710300445557
1.9657281637191772,2.142453908920288,-0.1844661682844162,1.691052794456482,0.5540197491645813,2.022325038909912,-0.13420294225215912
-0.9413532614707947,-2.142354726791382,-1.9265762567520142,-2.4093434810638428
0.5389241576194763,-1.3573544025421143,-2.145134449005127,-3.6724720001220703,-0.984841525554657,0.7979266047477722,1.5279998779296875,-1.624257206916809
-1.4214773178100586,-1.0072064399719238,-2.078648805618286,-3.65868878364563,0.07805927842855453
-0.794237494468689,-1.438652515411377,-0.23557043075561523,-1.6066254377365112,-0.5147969126701355
-3.1006290912628174,-1.922074317932129,-1.5464367866516113,-1.6076804399490356,-2.0139048099517822,-1.5411627292633057
0.7732470035552979,1.7161383628845215,0.5852394104003906,-0.13429562747478485
0.8108713626861572,0.38238123059272766,1.6974254846572876,-2.997465133666992
-0.13432654738426208,1.5356955528259277,1.3271452188491821,2.0085771083831787,-0.590628445148468
-1.102218508720398,-1.6896743774414062,-0.7963555455207825,-1.0858029127120972,-1.6973413228988647,2.1441664695739746,-0.2758977711200714
3.006838083267212,0.44701287150382996,-0.4816840887069702,2.2560038566589355,1.464195966720581,-0.9553942680358887
-0.2517877519130707,1.2335284948349,-1.1179364919662476,0.3066522181034088,-0.037315115332603455,4.836328983306885
0.10488108545541763,-1.7412364482879639,0.7274201512336731,-2.2056634426116943,-0.3270767629146576,-2.283245325088501
0.8071260452270508,0.3428220748901367,-0.36789342761039734,0.33501535654067993,-1.6968973875045776,1.906882405281067
-1.1755623817443848,0.905030369758606,-2.052476167678833,-2.773641347885132,-1.7370712757110596,-4.780340194702148
-2.2583720684051514,-1.4346388578414917,-2.8345139026641846,-2.098548650741577,-2.318237066268921,-2.4489519596099854
0.094418965280056,1.02590012550354
-1.9797621965408325,-1.8964672088623047,-3.0776171684265137,-1.0846515893936157,3.4535629749298096,0.7534246444702148,-1.6798689365386963
1.8399341106414795,1.875853419303894,1.1230617761611938,1.6473274230957031
-1.3906689882278442,-0.8639879822731018,0.22140824794769287,-1.7064799070358276,-0.9769632816314697,-4.078872203826904
0.5172384977340698,1.5133240222930908,0.18282054364681244,1.1998229026794434,0.8253132104873657
-2.427955389022827,-2.678175210952759,-3.750584602355957,-2.3471121788024902,-4.020392894744873,-1.3589195013046265,-0.6658243536949158
0.6789878010749817,1.0243301391601562,-0.5732622742652893,1.9981461763381958,-0.6313419342041016,-3.0521743297576904,1.92567777633667
0.9384598135948181,-3.1280479431152344,1.2133822441101074,-0.21555350720882416,-2.2590343952178955
0.6564019322395325,-0.1319873034954071,-0.0596918947994709,1.1840202808380127
0.0013720638817176223,0.7809818387031555,-0.6138379573822021,-1.2027947902679443,-0.7080490589141846,-2.2421233654022217
-0.5548365116119385,-1.758955955505371,-1.5603355169296265,2.2466421127319336,-1.1357125043869019
-0.13832712173461914,-1.028442144393921,-1.8798726797103882,-0.06424839049577713,1.0941888093948364,-1.8368364572525024
-1.6370611190795898,0.5527415871620178,0.6232849955558777,-0.06139092892408371,3.40311598777771,2.842055082321167,-1.1046690940856934
-0.6333627700805664,-0.02573130652308464,0.41023942828178406,1.7389001846313477,-0.9853227138519287
-2.738823890686035,-2.7673256397247314,-3.1402387619018555,-2.453859329223633,-2.7355527877807617,-3.733497381210327
-1.11464524269104,-1.073331594467163,-1.6502344608306885,-2.292056083679199,-1.5079632997512817
0.953495442867279,2.276832342147827,1.3510537147521973,2.0978760719299316,3.458833932876587,1.6075907945632935,2.3121237754821777
-0.33166006207466125,0.010018208995461464,-0.8008003830909729,1.1539082527160645
-0.8971850275993347,-1.330012321472168,-1.617572546005249,-2.2114367485046387,0.4901840090751648,-1.2224485874176025
-0.868571400642395,-0.34338653087615967,-1.313667893409729,-0.5498783588409424,0.4667082130908966,-0.1101996898651123,2.632568359375
2.441376209259033,1.9093886613845825,0.6865113973617554,0.0965011715888977,0.8349243402481079,2.5962464809417725,2.2981390953063965
1.0577960014343262,1.069467544555664,0.4633949100971222,1.8592617511749268
0.7326976656913757,1.0013138055801392,0.10232634097337723,-1.8084155321121216,-1.1607829332351685,-2.272738456726074
-0.7352527976036072,-1.670322060585022,-0.960648775100708,0.627848744392395,0.6777209639549255
2.999678611755371,1.22013258934021,2.0291757583618164,1.5198893547058105,1.8317703008651733,3.703876495361328
-0.868111252784729,-2.555232524871826,-2.9234306812286377,-1.4214917421340942,-2.1441164016723633,0.16876716911792755
-0.539433479309082,0.6747964024543762,-1.0441488027572632,-0.1773405522108078,1.5941721200942993,-0.1093166321516037
-0.5420345664024353,1.2726225852966309,-0.6782656908035278,0.5320518612861633,2.57363224029541
-1.0922404527664185,-1.2542798519134521,-0.7356690168380737,-1.694294810295105,0.9990149736404419,0.390398770570755
-0.4114917814731598,0.11679095774888992,-0.6448935270309448,-0.653300940990448,0.3275814652442932,1.0615445375442505
-1.0294678211212158,-0.8384513854980469,-0.7909141778945923,-1.597687840461731,0.4519963264465332
-0.8860780000686646,-1.1876718997955322,-0.09444062411785126,-2.738346576690674,-2.374565839767456
0.1460312306880951,-0.07704966515302658,1.6528304815292358,-0.029070110991597176
1.7547941207885742,1.918500542640686,0.9103816151618958,4.246307373046875
-0.20721754431724548,0.5766876935958862,1.1287460327148438,-0.15636694431304932,1.6056230068206787,2.0370945930480957
-0.10676936060190201,-1.3766558170318604,2.566098213195801,0.358502060174942
-1.4490793943405151,-1.7369533777236938,4.378243923187256,-2.2708091735839844,-1.2252334356307983,-2.4389195442199707,0.5374723672866821
0.940349280834198,2.1617517471313477,0.8062362670898438
-1.4173258543014526,-0.3202790319919586,-1.883448839187622,-0.36378517746925354,-1.1962050199508667
-1.2438099384307861,-2.518688440322876,-0.0751260444521904,-0.522991955280304,-2.0103566646575928
2.324537754058838,3.428295373916626,3.178323984146118,1.0659704208374023,2.862719774246216,2.2233009338378906
0.6284602284431458,1.2206720113754272,0.7669416069984436,1.261346697807312,0.9371570348739624,0.32558658719062805,3.732947826385498
