102.4709701538086,15.845376014709473,61.074642181396484,53.67992401123047,16.501367568969727,15.755407333374023
71.31713104248047,71.56542205810547,63.650569915771484,68.94833374023438,37.344932556152344,20.903106689453125
65.12176513671875,63.009029388427734,45.31119918823242,40.211387634277344,16.404531478881836
84.50935363769531,70.60738372802734,14.041411399841309,36.913475036621094,23.218669891357422,25.18560028076172,23.12919044494629
103.90229797363281,66.71875,59.820892333984375,47.4088020324707,40.82454299926758,23.838165283203125,36.559844970703125,8.486834526062012,19.071916580200195
239.66375732421875,44.36056900024414,46.1358642578125,22.53137969970703,23.002239227294922
108.62696075439453,92.19275665283203,58.60071563720703,15.134968757629395,13.92839527130127,29.696449279785156,20.440237045288086
87.7704849243164,47.90485763549805,36.9453010559082,24.959552764892578,26.476882934570312,23.796926498413086,17.150596618652344,12.88240909576416,33.652503967285156
118.27002716064453,86.69550323486328,78.72660827636719,90.05741119384766,76.1325912475586,13.656706809997559
74.07804107666016,66.95248413085938
85.84550476074219,52.34370422363281,49.922943115234375,26.478139877319336
165.3179168701172,145.41725158691406,80.39994049072266,55.54304885864258,42.16230010986328
140.64913940429688,81.89474487304688,73.50556182861328,22.760995864868164,41.07651138305664,33.62139129638672,22.85175323486328,13.776512145996094
52.400596618652344,29.52182960510254,18.32543182373047,28.7017765045166,9.965185165405273
103.03594970703125,95.7894287109375,23.471416473388672,17.731534957885742,20.91948699951172,25.358747482299805
130.82810974121094,113.4367446899414,97.21825408935547,42.256717681884766,34.94309616088867
98.73992919921875,46.405277252197266,27.529003143310547,26.114734649658203
58.64397048950195,38.36611557006836,45.18437194824219,20.84571647644043,31.691925048828125,28.844284057617188
93.66070556640625,69.7759780883789,18.63280487060547,11.211923599243164,15.669137954711914
103.74011993408203,89.7373275756836,72.166748046875,39.45463180541992,18.8397216796875,9.62431812286377
93.39811706542969,85.3737564086914,42.68006134033203,30.85352325439453,23.589473724365234,24.997581481933594,12.422087669372559,11.890045166015625
92.93350219726562,71.94342803955078,51.93819046020508,34.38355255126953,27.384403228759766,22.777620315551758,19.358863830566406,21.262243270874023
91.40265655517578,56.68612289428711,34.52829360961914,34.12443542480469,34.67490005493164,40.46112060546875,23.25153350830078,12.844881057739258,12.004595756530762
88.80958557128906,81.90241241455078,32.80447769165039,25.2277774810791,26.043270111083984
102.89379119873047,50.20389175415039,48.70745086669922,36.17450714111328,24.04857063293457,20.323713302612305
94.77742004394531,80.69942474365234,55.0410270690918,45.47865676879883,45.58171463012695,56.038578033447266,24.21088409423828,14.856544494628906
49.122093200683594
54.29413986206055,42.28112030029297,27.867456436157227,26.242469787597656,27.294536590576172,20.78676414489746,17.758331298828125,23.188827514648438,11.06128978729248
81.10421752929688,70.57183837890625,58.2573356628418,35.689186096191406,34.49824142456055,17.76402473449707,27.203950881958008,25.648523330688477,21.65804100036621
94.58084869384766,89.24375915527344,50.202518463134766,13.623910903930664,20.446178436279297,15.4536714553833,16.880483627319336
51.302734375,14.642460823059082
73.09646606445312,78.63984680175781,23.45008087158203,25.79611587524414,13.975032806396484,22.498327255249023
94.98915100097656,80.6070556640625,78.41443634033203
90.28778839111328,79.39995574951172,39.63075637817383,39.12971496582031,34.23258972167969,16.486806869506836
70.25645446777344,60.09014892578125,67.466552734375,43.037864685058594,39.585113525390625,44.193199157714844
69.53849792480469,81.50943756103516,47.38179397583008,23.43242073059082,24.14678192138672
142.17318725585938,49.549591064453125,42.24383544921875,26.997879028320312
66.86406707763672,55.78511428833008,60.83549118041992,57.08439636230469,62.509490966796875,49.145164489746094,25.411767959594727,16.56962013244629
169.6850128173828,52.64282989501953,53.48054504394531,29.90109634399414
43.6204833984375,60.73373031616211,37.59893035888672
130.29859924316406,68.21104431152344,57.50044250488281,20.33390235900879,25.977521896362305
46.93422317504883,27.19499397277832,24.51847267150879,30.920175552368164,20.375978469848633
94.23088836669922,83.78179168701172,38.86527633666992,34.12772750854492,29.888410568237305,28.43980598449707,13.695598602294922
111.06631469726562,64.58763122558594,90.18746948242188,24.843238830566406,37.96915817260742,13.0965576171875,17.810684204101562
84.75680541992188,49.412967681884766,26.58131217956543
92.14234924316406,67.17646789550781,63.27901077270508,75.19184112548828,36.42896270751953,28.047252655029297,17.563039779663086
159.12435913085938,88.82280731201172,61.089271545410156,54.587615966796875,30.305381774902344,21.87919807434082,14.214118957519531
68.69744873046875,64.26821899414062,46.57822799682617,49.951934814453125,36.05712127685547,13.34946060180664
363.41827392578125,307.5235900878906,139.883544921875,66.53704833984375,34.832759857177734,14.619709014892578
91.15510559082031,67.70317077636719,81.67829132080078,67.77616882324219,27.41371726989746
111.85509490966797,73.49610137939453,57.480003356933594,37.892730712890625,27.88654327392578,13.20620059967041
83.70658111572266,82.1404800415039,34.26633834838867,17.55607795715332
70.57726287841797,38.53522872924805,50.61505889892578,39.22500991821289,34.182464599609375,40.29896545410156,20.240558624267578,12.18689250946045
155.32955932617188,18.153566360473633,72.67668151855469,58.39900207519531,46.993465423583984
57.59632873535156,51.52192306518555,33.609920501708984,28.507049560546875,29.324214935302734,24.496572494506836
68.92820739746094,86.0017318725586,68.44145202636719,45.431949615478516,27.12332534790039,25.874343872070312
98.44280242919922,57.39629364013672,59.84195327758789,51.12705612182617,19.05782699584961,32.119869232177734
126.57364654541016,141.27969360351562,35.91666030883789
129.54586791992188,96.28327178955078,35.449440002441406,62.19013977050781,38.75741958618164,38.177310943603516,21.385116577148438
96.78075408935547,49.53155517578125,27.314435958862305,11.451285362243652,21.906740188598633,20.202489852905273
162.69027709960938,73.39485931396484,71.95610809326172,24.049741744995117,55.57763671875,47.786949157714844,32.24787902832031
88.42710876464844,67.39510345458984,68.32614135742188,50.6954231262207,15.140153884887695,27.51755714416504,26.865324020385742,22.345653533935547,12.193280220031738
236.7850799560547,95.7668228149414,80.10790252685547,66.6673355102539,36.50259017944336,16.7569637298584,16.018089294433594,33.0535774230957
89.96246337890625,81.8421859741211,50.56753158569336,46.460174560546875,32.45882034301758,30.621562957763672,26.081241607666016
110.85225677490234,58.90564727783203,66.5184097290039,36.59531784057617,26.303539276123047,30.55943489074707,16.959348678588867
62.537540435791016,86.00299835205078,54.203285217285156,47.73847579956055,36.28082275390625,17.51019859313965,28.05280113220215,14.754794120788574,22.732507705688477
108.21647644042969,83.0792465209961,63.59700012207031,50.93943786621094,50.94375991821289,19.81259536743164
82.13529205322266,40.003517150878906,19.89463233947754
76.33616638183594,72.80622863769531,29.84177589416504,37.91820526123047,28.361602783203125,18.65410804748535,14.840558052062988
122.52164459228516,65.66082000732422,60.778358459472656,56.1425666809082,20.627727508544922,28.467056274414062
61.13490295410156,64.29661560058594,66.69961547851562,33.66696548461914,31.97281265258789,27.03605842590332,38.31410217285156,24.523712158203125
131.03695678710938,101.17721557617188,94.93997955322266,70.54251861572266
42.158538818359375,19.265398025512695
105.39573669433594,82.7255630493164,87.63473510742188,63.374507904052734,56.3136100769043,38.60826873779297,10.449403762817383,13.652873992919922
44.33176040649414,37.96673583984375,35.28662109375,25.395652770996094,23.324447631835938,19.280752182006836,16.374717712402344
104.61992645263672,33.700904846191406,37.524532318115234,19.293222427368164,19.844158172607422
77.97313690185547,74.63777923583984,47.24393844604492,51.291873931884766,31.67586326599121,17.8266544342041,24.469921112060547
51.931434631347656,54.759254455566406,62.81834030151367,38.395809173583984,42.686859130859375,27.39694595336914,12.420297622680664
49.38928985595703,71.69657897949219,63.57126235961914,49.59544372558594,51.73670196533203,31.0102481842041,18.123903274536133
100.44991302490234,97.8935317993164,50.58721160888672,40.526283264160156
103.55104064941406,60.70559310913086,56.71322250366211,57.29739761352539,19.19370460510254,21.574207305908203,24.561439514160156,12.707317352294922
153.42576599121094,119.74470520019531,58.99810791015625,59.56850051879883,28.39647674560547,28.908849716186523,17.977903366088867,15.62137222290039,13.713319778442383,24.42024040222168,16.082902908325195
123.64863586425781,70.27583312988281,43.775028228759766,28.230712890625,28.792871475219727,19.727567672729492
77.36441040039062,70.3402099609375,38.595027923583984,26.39763641357422
81.2755355834961,78.44248962402344,43.289283752441406,22.78508949279785,16.914405822753906,16.639232635498047,19.487037658691406
202.89585876464844,190.48980712890625,161.1770782470703,35.691131591796875,16.66033363342285,17.378681182861328
210.09593200683594,162.65318298339844,78.51875305175781,33.595603942871094,21.74888801574707,25.1970157623291,14.830878257751465,20.569995880126953
107.08232116699219,107.6662826538086,50.75660705566406
53.26738739013672,72.87588500976562,50.427974700927734,40.761444091796875,19.026025772094727
86.68717956542969,57.89005661010742,61.37608337402344,28.05455780029297,25.935871124267578,30.976703643798828
30.279373168945312,41.86601257324219,14.05235767364502,18.753978729248047,11.668657302856445
51.12969970703125,40.69486618041992,34.73751449584961,14.035833358764648,15.03791618347168,12.087394714355469
41.63190460205078,21.89175033569336,30.279443740844727,8.841543197631836,26.72126007080078
122.72993469238281,137.99703979492188,47.01713943481445,26.311870574951172,26.379657745361328
58.1674919128418,46.27714157104492,30.49921226501465,27.76407814025879,31.935110092163086,20.84244728088379
125.41998291015625,139.99000549316406,86.5456314086914,75.1463623046875,23.222864151000977,23.431196212768555
84.79817962646484,37.875423431396484,27.60110092163086,26.38818359375,25.243553161621094,23.934831619262695
110.51486206054688,113.57139587402344,61.53242492675781,76.97551727294922,18.651153564453125,13.094191551208496,10.255678176879883
93.00032806396484,67.64430236816406,57.04338836669922,10.991198539733887
36.051055908203125,52.87908172607422,50.2725715637207,39.556217193603516,35.66237258911133,29.54387664794922
81.47136688232422,71.62577819824219,34.088741302490234
79.76724243164062,74.68233489990234,49.736976623535156,41.392250061035156,24.129880905151367,19.068470001220703
100.24388885498047,69.8642578125,57.007476806640625
60.67483901977539,36.35430145263672,32.88754653930664,11.136698722839355,17.93400764465332,14.097387313842773
165.03936767578125,90.62294006347656,17.864587783813477,18.23316192626953
94.12803649902344,59.4207878112793,19.45088005065918
64.06694793701172,50.086002349853516,43.497005462646484,38.365962982177734,39.57305908203125,25.915771484375,21.412982940673828,19.099666595458984
94.01249694824219,71.82464599609375,29.687524795532227,23.987497329711914,33.539039611816406,16.969682693481445,16.769161224365234,17.923845291137695
73.50538635253906,111.03816223144531,99.08998107910156,56.58987045288086,34.06731414794922,17.938915252685547,19.661691665649414,17.856361389160156
68.06160736083984,64.3156967163086,30.879735946655273
73.49750518798828,71.15359497070312,43.768245697021484,47.841400146484375,30.405569076538086,16.600887298583984
179.47628784179688,128.54200744628906,58.398380279541016,48.80442810058594,19.687786102294922
188.26275634765625,171.9918212890625,74.80493927001953,43.41250228881836,15.822644233703613,15.343496322631836,15.345178604125977
104.42060852050781,76.8857650756836,43.792423248291016,31.698001861572266,33.35478973388672,23.89110565185547,18.002965927124023
115.57063293457031,97.88565826416016,61.6197509765625,75.85453033447266,12.023670196533203,26.994041442871094,19.01456069946289,15.242133140563965,10.39706039428711,27.151288986206055
79.58537292480469,73.36679077148438,65.99534606933594,36.943702697753906,31.137218475341797,25.578842163085938,16.155494689941406
137.7412872314453,97.30059051513672,57.40877151489258,53.61505889892578,28.738513946533203
91.88391876220703,45.0947151184082,16.595264434814453,26.730833053588867,21.92568588256836,27.85128402709961
110.75294494628906,60.18921661376953,51.759246826171875,15.506593704223633,16.300941467285156,11.30972671508789
98.72007751464844,63.646644592285156,49.65973663330078,46.264488220214844,38.263370513916016,22.46793556213379,15.942355155944824
148.29544067382812,127.5736083984375,72.223388671875
78.58380889892578,35.465335845947266,35.56552505493164,26.804866790771484,10.85141372680664,8.538419723510742,23.085498809814453
46.6207275390625,50.46173858642578,32.24991226196289,28.992494583129883,25.739904403686523,17.676176071166992,14.90054988861084
89.73530578613281,73.82967376708984,49.659847259521484,49.552947998046875,37.47956466674805,17.350271224975586,14.873924255371094,16.117307662963867
74.10009765625,36.23296356201172,44.23600387573242,48.47056198120117
121.79417419433594,79.12464141845703,52.338623046875,31.719009399414062,16.612911224365234,25.447233200073242
171.99488830566406,38.01420974731445,27.13051414489746,20.53294563293457
218.3746337890625,165.9823760986328,90.7998275756836,77.60809326171875,71.77869415283203,32.24086380004883
83.54689025878906,47.59771728515625,47.37578582763672,40.13984298706055,26.968685150146484,21.05142593383789,18.53542709350586
60.81633758544922,69.74482727050781,43.79704284667969,27.093069076538086
130.1324005126953,73.7374267578125,49.70421600341797,34.99903106689453,19.960132598876953
203.40518188476562,191.2623748779297,90.26385498046875,58.05905532836914,36.11904525756836,28.095726013183594
74.91128540039062,34.380123138427734,26.64642333984375,8.362092018127441,18.449169158935547
77.0946273803711,62.431758880615234,61.55683898925781,24.876739501953125
74.4548110961914,55.18528747558594,63.18376541137695,41.63359451293945,43.4296760559082,37.37599563598633,15.623213768005371,28.573442459106445,10.229775428771973
176.5177764892578,88.04637145996094,95.6011962890625,19.142377853393555,12.296713829040527
103.90612030029297,21.332536697387695
70.38101196289062,54.09055709838867,19.13654136657715,17.519363403320312
25.54512596130371,115.25233459472656,71.4048843383789,34.1279296875,8.875163078308105,16.791343688964844
103.16096496582031,98.2677230834961,67.81230163574219,40.14171600341797,16.777807235717773,33.13276672363281
127.02555847167969,107.175048828125,77.39591217041016,79.5881118774414,44.240028381347656,35.180484771728516,20.130413055419922
105.78724670410156,67.87948608398438,71.56098937988281,27.068443298339844
72.02651977539062,45.48335266113281,57.22068405151367,43.798892974853516,24.00104522705078,14.941658973693848
529.7979125976562,373.0140686035156,70.33550262451172,38.21385192871094,18.57550621032715,13.957396507263184
97.86539459228516,51.87799072265625,46.04653549194336,35.652767181396484,16.104528427124023
233.3304443359375,99.21976470947266,48.181968688964844,43.54548645019531,34.65047836303711,13.902313232421875,18.442373275756836,16.611785888671875
170.85044860839844,130.8104705810547,58.61475372314453,38.451873779296875
103.55921173095703,64.86019897460938,55.39046859741211,33.599552154541016,12.184392929077148,34.88039779663086,32.7655143737793,21.689695358276367,9.418074607849121,12.43247127532959
107.97937774658203,80.08797454833984,55.50947570800781,51.864009857177734,20.93695831298828,12.246352195739746
93.8676528930664,71.08788299560547,53.462162017822266,42.1065673828125,48.941986083984375,34.47251510620117
51.60087585449219,60.108428955078125,47.769535064697266,19.666366577148438
49.38212203979492,57.030338287353516,48.74399948120117,44.0876579284668,46.371910095214844
84.74736022949219,122.8469009399414,85.98844146728516,67.70970153808594,55.38242721557617,26.748485565185547,32.89786148071289,11.392423629760742,25.109905242919922
147.8080291748047,76.77721405029297,55.18070602416992,40.568843841552734,30.643917083740234,24.982892990112305,27.1849365234375
142.8179168701172,116.27044677734375,41.46296691894531,23.669519424438477,28.579370498657227,32.844200134277344,20.520797729492188,20.248476028442383
165.28305053710938,153.45114135742188,140.23068237304688,117.01378631591797,70.48917388916016
67.61372375488281,49.603355407714844,28.01848793029785,15.468903541564941
104.34375762939453,74.30458068847656,67.40723419189453,24.070110321044922,25.39019203186035,18.00945281982422,17.598920822143555
92.4985580444336,39.92482376098633,40.08843231201172,35.597225189208984,27.442161560058594,23.851160049438477,18.443674087524414
84.06168365478516,33.473052978515625,37.67965316772461,24.27770233154297,28.99653434753418,17.577619552612305
100.22734069824219,72.98332214355469,39.37229919433594,34.86149215698242,25.981874465942383
120.08292388916016,49.215538024902344,44.549346923828125,29.750913619995117,26.67037582397461
151.32252502441406,79.68418884277344,72.79674530029297,62.37263870239258,11.03859806060791
259.5931701660156,83.1123046875,63.41653823852539,37.588592529296875,8.97649097442627,25.813312530517578,20.507339477539062
57.683006286621094,29.07354164123535
103.88935089111328,97.51897430419922,94.95262908935547
88.99816131591797,43.8761100769043,32.30824279785156,45.20804977416992,11.60202407836914,22.28782081604004,22.616849899291992
114.35902404785156,132.77626037597656,15.563007354736328,22.1153507232666,8.106822967529297
40.58456039428711,49.90000915527344,46.58592987060547,26.692718505859375,21.74977684020996
152.60479736328125,136.6527862548828,43.63654708862305,32.78091049194336
78.13216400146484,58.73232650756836,35.303672790527344,28.323366165161133,25.434144973754883,23.613597869873047,20.860004425048828,13.43677043914795
86.87007141113281,59.3266487121582,44.980125427246094,47.91911315917969,30.881439208984375,21.226179122924805,23.56554412841797,21.271337509155273,8.051955223083496,21.166738510131836
90.0886001586914,67.1688461303711,62.30015182495117,39.218135833740234,20.89183235168457
81.99894714355469,38.498966217041016,37.04109191894531,27.488235473632812
200.08328247070312,92.84603118896484,32.99899673461914,17.571699142456055,21.3383846282959,20.124149322509766
100.26866149902344,29.262876510620117,8.850621223449707,12.420440673828125
88.3468246459961,98.03682708740234,72.70488739013672,49.89635467529297,42.94158172607422,31.627695083618164,24.634613037109375,14.286767959594727
214.8092498779297,117.94038391113281,97.78160858154297,75.09540557861328,68.16243743896484,11.36396598815918
129.5056610107422,75.4040298461914,33.690250396728516,22.281991958618164
111.97479248046875,125.80345153808594,58.76810836791992,73.53466796875,19.683746337890625
100.29563903808594,50.08907699584961,24.613601684570312
76.98042297363281,27.348426818847656,39.39570236206055,34.35715103149414,28.270206451416016,27.132713317871094,17.231882095336914,13.074854850769043
56.51752471923828,50.43223571777344,32.13630676269531,29.44709587097168
105.06656646728516,107.2871322631836,37.309242248535156,54.373409271240234,42.9393196105957,26.007675170898438,17.544504165649414,15.285407066345215
93.27610778808594,53.33488845825195,53.02508544921875,17.765647888183594
149.6993865966797,86.07598876953125,19.9822940826416,35.12637710571289,44.23365020751953
130.76048278808594,90.37388610839844,59.176109313964844,13.374770164489746
77.7633285522461,185.3683319091797
99.10182189941406,65.53263092041016,46.201194763183594,43.117340087890625,41.487579345703125,27.03135108947754,17.0755615234375,10.508663177490234
210.68450927734375,22.825536727905273
62.24267578125,49.110172271728516,24.710784912109375,12.317439079284668,16.72303009033203
165.05848693847656,167.23179626464844,92.79667663574219,17.272768020629883,10.303779602050781
394.462890625,385.564208984375,13.634269714355469
134.97552490234375,61.562530517578125,57.60353088378906,55.040626525878906,26.1800594329834
55.772342681884766,27.06501579284668,17.44460105895996,12.613544464111328
89.55530548095703,65.9260482788086,42.2601203918457,31.42239761352539,31.859872817993164
77.59288787841797,78.51593780517578,66.3884048461914,50.66605758666992,39.32498550415039,21.35590934753418,11.76744270324707
135.51226806640625,150.909912109375,27.9330997467041,17.785425186157227,11.033910751342773,14.722726821899414
82.86871337890625,60.7625732421875,74.07073211669922,76.25143432617188,66.2278823852539,25.90361213684082,31.58272933959961,21.411075592041016,18.86457633972168,23.430131912231445
98.74297332763672,97.85103607177734,90.7655258178711,47.406105041503906,20.832361221313477,11.836106300354004
79.77877044677734,71.12755584716797,39.35445022583008,40.084686279296875,28.519540786743164,23.662992477416992,19.7783260345459,16.251550674438477
87.16293334960938,47.75655746459961,25.1884822845459,47.68023681640625,21.16891098022461,13.693390846252441,13.312676429748535
