132.36965942382812,126.55326843261719,68.8838882446289,48.86463928222656,10.986103057861328
153.74966430664062,99.7174301147461,34.954689025878906,27.8048038482666,18.068851470947266
85.26924133300781,92.0241928100586,13.79064655303955
109.31958770751953,60.32621765136719,50.63669967651367,53.49894332885742,48.92618179321289,17.566707611083984
58.02304458618164,48.814754486083984,38.04837417602539,39.57247543334961,32.66935348510742,26.32140350341797,19.101463317871094
127.44973754882812,93.76596069335938,68.16128540039062,41.18415069580078
67.17982482910156,76.23654174804688,24.779752731323242,31.99896812438965
72.14137268066406,72.350830078125,39.86015701293945
47.076045989990234,55.01169204711914,39.243873596191406,37.4195556640625,13.648042678833008
75.50112915039062,74.64112091064453,55.09556579589844,68.03165435791016,35.3621826171875,13.197376251220703,23.51134490966797
75.52717590332031,69.73298645019531,68.48027801513672,58.073238372802734,21.3850154876709
100.2972183227539,66.85888671875,44.314453125
20.212669372558594,60.36082077026367,56.079898834228516,65.5917739868164,30.955371856689453
80.22425079345703,59.735191345214844
93.17347717285156,89.20122528076172,30.00811767578125,21.664318084716797
118.09042358398438,48.85670471191406,43.33098220825195,28.862886428833008,14.652301788330078,19.349925994873047
165.3251953125,109.01565551757812,94.387451171875,33.30012893676758,31.2029972076416,32.332176208496094
71.37138366699219,53.022071838378906,38.22589874267578,39.72367858886719,17.772974014282227,31.008115768432617
25.94809913635254,15.01159954071045,15.810934066772461,16.32866668701172
88.28202819824219,74.32649230957031,46.0363883972168,49.64508819580078,44.16300964355469,27.134614944458008,21.419137954711914,26.93030548095703,11.94914722442627
74.44261932373047,61.62834548950195,64.75621032714844,62.43198013305664,34.01509475708008,23.783245086669922,23.12855339050293,20.465473175048828
75.4952392578125,47.04247283935547,27.22149658203125,13.913660049438477,8.641286849975586
82.78855895996094,73.71917724609375,74.77645111083984,65.23112487792969,24.211645126342773
70.88325500488281,24.737323760986328,24.096330642700195,18.380109786987305
135.573486328125,63.355674743652344,22.73798942565918
86.26595306396484,70.78143310546875,39.6151008605957,39.40348815917969,51.06396484375,15.118308067321777
90.44718933105469,44.52642059326172,20.12323570251465,18.753456115722656,52.80842208862305
64.29621124267578,53.46745300292969,14.276249885559082,11.083271026611328
61.43281936645508,50.16106033325195,53.4429931640625,28.5156307220459,21.495222091674805
60.81936264038086,50.01004409790039,43.839298248291016,34.603572845458984,29.226980209350586
64.25442504882812,42.69375228881836,37.087303161621094,23.866369247436523,22.1209659576416,30.731786727905273,17.439172744750977
71.8897705078125,58.897945404052734
97.26593780517578,33.11875915527344,8.155610084533691
58.3252067565918,51.58600997924805,52.12270736694336,37.39628601074219
94.47158813476562,19.017913818359375,15.809555053710938,13.609305381774902
115.8530044555664,135.8999786376953,53.17155456542969,43.439781188964844
81.81016540527344,89.95396423339844,64.79898071289062,31.506717681884766,29.38772964477539,16.930227279663086
59.954227447509766,61.766273498535156,59.87236785888672,26.741928100585938,32.27406692504883,19.903518676757812,28.59116554260254,22.605009078979492
95.11978912353516,55.282859802246094,14.543925285339355
150.36468505859375,22.240806579589844,19.60479736328125
69.66085815429688,58.71678924560547,88.08956909179688,54.70427703857422,20.378515243530273,23.097732543945312
116.67086029052734,40.82583236694336,42.044639587402344,27.5800724029541
80.0783462524414,69.53141784667969,62.35054397583008,52.72188949584961,22.804630279541016,28.270307540893555,26.32845115661621
70.54195404052734,79.30599212646484,32.40804672241211,32.564876556396484,29.06078338623047,36.7427864074707,17.724376678466797,20.17112159729004
81.0122299194336,34.81414794921875,32.87393569946289,26.721824645996094,9.2880859375,11.692957878112793
115.75442504882812,102.96638488769531,57.94476318359375,50.657535552978516,41.086524963378906,38.538387298583984,16.879125595092773
129.15866088867188,88.95616912841797,76.30809020996094,64.42163848876953,46.097415924072266,11.519695281982422
83.32830047607422,77.749267578125,57.331886291503906,65.62104797363281,40.11862564086914,40.05947494506836
73.3017578125,57.26554489135742,39.541072845458984,22.920045852661133,15.225863456726074
60.43233108520508,49.90158462524414,49.57548141479492,27.056621551513672,48.152061462402344,25.276227951049805,18.844940185546875
93.7160415649414,81.69617462158203,43.73826217651367,39.73368835449219,25.686243057250977,8.534954071044922
73.16669464111328,67.28583526611328,43.69178771972656,28.830501556396484,41.789127349853516,30.767986297607422
58.58073043823242,51.44649124145508,40.97543716430664,13.659509658813477
96.91083526611328,102.54473114013672,50.26191329956055,35.26274108886719
213.74554443359375,116.72720336914062,37.623558044433594,25.14573860168457
154.92327880859375,146.6294708251953,90.10086059570312,17.523029327392578,17.7314395904541,16.58650016784668
60.817298889160156,40.782249450683594,13.683677673339844,37.28030014038086,42.00600051879883,32.176841735839844,26.831878662109375,22.02216911315918,12.429725646972656
92.29435729980469,89.5363540649414,56.747230529785156,52.60881805419922,38.394229888916016,19.720842361450195,15.52450942993164
124.15580749511719,94.75917053222656,73.5044174194336,40.30757522583008,32.39794921875,27.16886329650879,10.98293399810791,18.675750732421875
89.0616683959961,90.68630981445312,44.8001823425293,33.959228515625,31.323104858398438,19.169126510620117,11.189537048339844,15.67007064819336
111.52692413330078,76.5525894165039,32.85759735107422,22.93811798095703,32.2645263671875
117.03399658203125,66.29952239990234,42.99407958984375,21.7101993560791
109.0423355102539,101.98651123046875,41.81470489501953,39.36283874511719,27.28141212463379
62.1672477722168,35.10734939575195,38.8819694519043,20.520309448242188
178.830078125,185.1188507080078,53.77019500732422,16.904687881469727
74.00690460205078,72.56327819824219,29.039684295654297,10.447061538696289,16.591224670410156
92.7807846069336,66.47872924804688,42.23189163208008,36.193843841552734,38.06471633911133,23.14594078063965,19.87247085571289
139.45578002929688,72.97822570800781,34.53118896484375,49.623130798339844,21.76450538635254,9.216204643249512,20.476154327392578
44.35360336303711,58.85934829711914,47.7579345703125,46.025760650634766,24.853961944580078,17.587329864501953
97.66400909423828,51.517234802246094,66.16499328613281,65.55968475341797,30.324031829833984,22.69955062866211
118.59170532226562,80.86688995361328,60.45421600341797,40.56461715698242,28.977697372436523,17.71756935119629,22.312509536743164,31.42238426208496
74.6617660522461,45.807472229003906,30.988370895385742,26.588651657104492,39.233436584472656,38.659767150878906
153.86813354492188,121.60295867919922,75.5140609741211,78.5295181274414,58.240821838378906,48.41352462768555,24.64364242553711,17.620967864990234
72.99087524414062,42.86509323120117,24.215965270996094,34.92477035522461
173.1173858642578,160.44927978515625,42.565975189208984,24.434200286865234,22.1599178314209,17.359851837158203
232.8283233642578,194.0599822998047,90.3908920288086,50.784217834472656,59.999603271484375
150.2101593017578,32.11729049682617,30.530155181884766,27.665489196777344,15.696020126342773,25.958181381225586
42.62593078613281,47.07862091064453,19.83993911743164,27.375614166259766,21.420114517211914,33.23344039916992,10.393389701843262
73.80364227294922,43.06847381591797,47.021114349365234,41.5803108215332,36.468505859375,11.222058296203613
91.63912963867188,98.05961608886719,44.78043746948242,42.466800689697266,29.20429039001465,22.872976303100586
70.49943542480469,39.404701232910156,33.031375885009766
52.180564880371094,45.130802154541016,50.12001037597656,24.998218536376953,23.596481323242188,13.549867630004883
78.44438934326172,82.97207641601562,50.94076919555664,43.9957160949707,36.32743835449219
79.65235137939453,63.67786407470703,25.98528480529785,22.043127059936523,22.44225311279297
49.78694152832031,48.840511322021484,41.59575271606445,26.387882232666016,32.64431381225586,16.646615982055664,25.718902587890625,18.933937072753906,20.88190269470215
108.21153259277344,86.39019012451172,66.41912841796875,62.464866638183594
70.21639251708984,70.41339874267578,51.83657455444336,38.18964767456055,22.829776763916016
109.8740463256836,90.51614379882812,54.2938232421875,22.42975425720215
74.9749526977539,60.924495697021484,24.63710594177246,31.079212188720703,18.01091766357422
136.6520538330078,111.2471923828125,105.64134216308594,74.39265441894531,63.112422943115234,45.9849739074707,20.63324546813965
59.32834243774414,41.86955642700195,18.9384822845459,23.872154235839844,33.22382354736328,18.52781867980957,21.998571395874023
189.70675659179688,174.39874267578125,130.2731475830078,114.06517028808594
60.783905029296875,59.162879943847656,60.40065002441406,45.98259735107422,50.890892028808594,10.880471229553223,27.754003524780273,15.44364070892334
125.3773422241211,84.17521667480469,85.0674057006836,52.00509262084961,41.98379135131836,39.28266143798828,24.892038345336914,17.899744033813477
84.96965789794922,16.768165588378906,54.758888244628906,27.452289581298828,33.89799118041992,8.407279014587402,14.684645652770996,20.270187377929688
64.4015884399414,40.548500061035156,40.17081832885742,43.51851272583008,31.232177734375
67.34455871582031,52.26589584350586,72.89490509033203,39.92207336425781,27.2993221282959,29.68745231628418,13.400550842285156
115.5323486328125,84.32859802246094,30.3499755859375,25.977418899536133,28.211246490478516
72.6287841796875,69.70942687988281,43.472896575927734,48.23361587524414,18.217069625854492,17.965160369873047,19.19109535217285,19.762969970703125
65.15709686279297,61.86479949951172,47.44480514526367,22.461767196655273
117.73324584960938,93.46688079833984,86.37158203125,62.52145767211914,47.88166427612305,13.643275260925293,8.226749420166016
126.96910858154297,77.3971939086914,51.81179428100586,68.82483673095703,18.948904037475586,15.937097549438477
168.3237762451172,172.32177734375,116.66658020019531,47.74004364013672,40.083106994628906,30.85719108581543,29.61175537109375
59.37049102783203,39.618717193603516,50.26969909667969,14.836318969726562
80.99256896972656,44.28773498535156,35.02988052368164,28.60686492919922,31.050445556640625,23.747310638427734,11.553295135498047
130.3876190185547,58.74846267700195,14.751106262207031
76.35021209716797,28.3678035736084,61.72773361206055,15.146659851074219,20.068103790283203
82.42981719970703,72.52918243408203,75.32355499267578,64.58789825439453,50.12790298461914
70.98609924316406,58.56694793701172,37.295562744140625,32.409454345703125,31.969993591308594,13.868306159973145,16.206676483154297,13.416438102722168
81.15629577636719,67.69351959228516,60.05689239501953,60.354774475097656,66.17886352539062,30.531749725341797,16.267135620117188
56.40301513671875,57.74848556518555,58.11222457885742,37.637672424316406,20.14818572998047
169.06240844726562,159.48129272460938,102.73104095458984,49.34608840942383,23.222780227661133,22.010669708251953,18.48015594482422
92.10167694091797,72.02508544921875,50.524051666259766,33.38837432861328,33.86202621459961
57.34974670410156,29.844636917114258,44.52244567871094,32.047264099121094,28.51337432861328,27.10007667541504,28.341793060302734,24.52682113647461
60.3236083984375,53.18425750732422,46.97175598144531,42.164207458496094,11.233591079711914,25.320188522338867,15.700455665588379
93.64521026611328,71.20215606689453,40.58247375488281,32.92597579956055
147.69622802734375,103.8993148803711,74.40668487548828,34.10901641845703,54.732479095458984,37.3199577331543,26.474525451660156,19.31885528564453
94.11320495605469,89.75942993164062,41.36705780029297,34.65513610839844,28.991695404052734,22.84757423400879
120.13752746582031,105.81053161621094,50.32078170776367,43.77727508544922,27.64792251586914,25.82402992248535,26.462238311767578
150.9326171875,139.0768280029297,107.01079559326172,55.775047302246094,23.148666381835938,22.388511657714844,15.569586753845215,17.479787826538086
112.61678314208984,72.68936920166016,32.34612274169922,33.08700942993164,17.435359954833984,11.804603576660156,21.067296981811523,15.960844039916992
135.42352294921875,71.27561950683594,31.55167007446289,15.523836135864258
63.70481491088867,68.4528579711914,46.445091247558594,33.73981857299805,29.347929000854492,15.829451560974121
98.85417175292969,121.89608001708984,51.21347427368164,47.03352355957031,37.71331787109375,21.04153060913086
77.81948852539062,42.072505950927734,55.745643615722656,41.909202575683594,23.640382766723633,9.839987754821777,23.068504333496094
81.96619415283203,65.54093170166016,55.98917770385742,57.337127685546875,39.74136734008789,14.996930122375488,13.331178665161133
69.68978118896484,54.31248092651367,56.26078414916992,37.97854995727539,25.60706901550293
172.3556671142578,154.72679138183594,52.15748596191406,27.50755500793457
118.55542755126953,136.98126220703125,44.072181701660156,22.72598648071289,15.774955749511719,16.449556350708008
62.29270553588867,79.67179870605469,43.1074104309082,13.471446990966797,28.449569702148438,21.2674617767334
139.21408081054688,103.76360321044922,54.871280670166016,45.027587890625,26.898378372192383,34.257041931152344,20.584232330322266
108.0639419555664,63.971290588378906,56.73078918457031,31.007905960083008,15.111623764038086,14.497188568115234,8.996040344238281
38.484344482421875,36.54304885864258,8.524773597717285,8.241031646728516
119.99459075927734,47.78147506713867,58.89003372192383,19.904090881347656,13.610928535461426
37.51014709472656,15.84298324584961,17.494632720947266
79.14019775390625,39.78425979614258,24.37895965576172,31.195295333862305,9.783833503723145,22.017316818237305
99.44633483886719,54.10559844970703,24.819259643554688,16.077648162841797
95.60228729248047,50.48504638671875,64.93280029296875,52.41646194458008,43.19993209838867,18.88703727722168,23.237812042236328,8.247733116149902
64.61851501464844,69.39010620117188,59.14803695678711,54.82329177856445,40.135345458984375,24.195255279541016,13.530529975891113,18.39668083190918
74.55094909667969,52.14952850341797,44.406978607177734,30.234474182128906,18.54832649230957
83.3924560546875,77.60675048828125,42.536155700683594
103.45086669921875,71.6056900024414,31.176517486572266,17.55388641357422
95.0496826171875,77.17011260986328,20.17914581298828
91.61001586914062,86.71560668945312,67.32807159423828,57.59904861450195,48.36009979248047,33.23725128173828
112.89273834228516,92.02055358886719,98.82732391357422,97.00576782226562,17.214763641357422,14.869828224182129,18.369457244873047
151.5591278076172,23.338272094726562,38.91232681274414,31.38397789001465,15.609319686889648
137.4897003173828,67.32368469238281,52.078704833984375,49.1229362487793,16.83757209777832,14.860212326049805
97.49856567382812,89.02156066894531,66.44194030761719,43.28336715698242
79.62425994873047,67.31526947021484,42.006065368652344,37.951602935791016,32.58164596557617
86.91944122314453,50.06679153442383,53.204837799072266,46.65742111206055,24.41141700744629,24.26264190673828,27.58281898498535,13.72497844696045,9.337596893310547,16.81606674194336
103.08129119873047,78.72669219970703,64.64117431640625,25.226987838745117
68.887939453125,58.15333938598633,30.2589111328125,34.07728576660156,29.375732421875,14.204499244689941
86.19772338867188,48.80931854248047,48.566505432128906,46.7419319152832,30.380138397216797,23.08374786376953,13.177759170532227,15.121747016906738
64.0145034790039,51.19160461425781,28.96460723876953,33.92524337768555,24.25092315673828,22.907756805419922,17.179786682128906
144.79244995117188,105.531005859375,89.21830749511719,17.515625
95.41832733154297,67.84207916259766,52.60837173461914,44.68617630004883,15.588773727416992,9.507102012634277,11.695414543151855
92.44398498535156,44.93157196044922
99.8819580078125,30.490461349487305,30.99493980407715,10.446322441101074,22.770845413208008,22.4160213470459,15.028212547302246
82.37864685058594,62.91835403442383,41.318050384521484,56.148799896240234,41.70917892456055,8.907866477966309,29.39581871032715,15.581021308898926
102.20550537109375,54.56525802612305,38.23733901977539,33.6191291809082
48.36300277709961,53.164180755615234,36.548824310302734,23.80434226989746,26.272876739501953,22.107332229614258
69.93246459960938,35.18994140625,28.80320167541504,26.119373321533203,26.418577194213867,20.944860458374023
83.34889221191406,65.54287719726562,15.1371431350708
124.6265869140625,57.474609375,53.5103759765625,37.519935607910156,31.698749542236328,37.524574279785156,23.31719398498535
151.76364135742188,144.41798400878906,124.54341888427734,129.5932159423828,49.122718811035156,33.68952178955078,28.245681762695312,12.297776222229004,16.586387634277344
98.35324096679688,105.76300048828125,41.38821029663086
56.584537506103516,30.48845863342285,24.382783889770508,32.989837646484375,13.736456871032715,17.111230850219727,16.465566635131836
97.83257293701172,60.31682586669922,52.52973175048828,35.87186813354492,17.564725875854492,15.7455472946167
75.89364624023438,53.51652526855469,71.11834716796875,51.498085021972656,44.52290344238281,37.40708923339844,25.47325897216797,9.639151573181152,31.093990325927734,18.427993774414062
98.14195251464844,87.2004623413086,60.66911315917969,29.651445388793945,17.73000144958496
38.702735900878906,41.55137252807617,38.39603805541992,30.551517486572266,20.8861083984375,27.976097106933594,18.052228927612305
184.48350524902344,108.56998443603516,124.31558990478516,64.64574432373047,29.979677200317383
95.50386810302734,86.99180603027344,59.54945373535156,35.58585739135742
50.75496292114258,46.57401657104492,29.092327117919922,19.110862731933594,35.41182327270508,23.021669387817383,9.346345901489258
84.86038208007812,37.9981575012207,37.34089279174805,16.494903564453125,23.688304901123047
120.37088775634766,60.42433166503906,39.55689239501953,40.33148956298828,15.154203414916992
130.35398864746094,116.98677062988281,85.5992202758789,79.23404693603516,10.279399871826172,20.757240295410156,17.172338485717773
206.6714630126953,84.81072235107422,77.40946197509766,58.61430358886719,64.55181121826172,12.97961711883545
92.36537170410156,70.0922622680664,39.76723098754883,27.04050636291504,14.9009428024292,15.322148323059082,19.974319458007812
135.6205596923828,96.04820251464844,75.88912963867188,44.50896072387695,40.33462142944336,20.074739456176758,13.443867683410645
68.23780822753906,56.70316696166992,63.9764289855957,11.222583770751953,25.902313232421875
80.18692016601562,63.24140548706055,44.23442459106445,39.014583587646484
69.53345489501953,41.19295120239258,24.65028190612793,13.551743507385254,13.089935302734375
107.81183624267578,94.80322265625
88.0237045288086,63.68077850341797,49.69624710083008,22.143749237060547,57.70778274536133,8.558993339538574
123.6859130859375,65.28860473632812,56.67912673950195,38.66033172607422,27.093198776245117,25.75084114074707,16.532821655273438
88.094970703125,60.156612396240234,48.511234283447266,19.474836349487305,22.400188446044922,14.625219345092773
117.99653625488281,52.26871109008789,72.11463928222656,21.6423397064209,29.624277114868164,12.324662208557129,17.080371856689453
79.05020141601562,75.66096496582031,42.57691192626953,32.48542404174805,24.260482788085938,17.884422302246094,15.392256736755371,13.794507026672363
82.28260040283203,65.73485565185547,51.74058151245117,27.69817352294922,19.559337615966797,10.249990463256836,13.180359840393066
119.0490493774414,104.36127471923828,16.51680564880371,16.992778778076172,17.46129035949707
139.8224639892578,106.25858306884766,76.90972900390625,52.60298538208008
79.35041809082031,93.361572265625,73.21045684814453,63.56919860839844,37.4461555480957,24.649919509887695
126.11310577392578,10.23676872253418
102.23526000976562,88.20176696777344,69.77024841308594,63.57192611694336,34.05046844482422,33.658897399902344,11.36502456665039,11.268902778625488
156.5080108642578,127.75835418701172,100.92256927490234,97.24723815917969,11.474037170410156,11.752298355102539
76.9655990600586,47.92534637451172,42.80002212524414,10.481512069702148,38.12236404418945,27.764305114746094
77.39260864257812,62.42987823486328,24.70379066467285,27.233688354492188,51.75067138671875,22.720918655395508,9.420076370239258
140.29409790039062,116.15331268310547,98.8774642944336,42.03651428222656
88.0914535522461,93.55535888671875,45.2236442565918,41.74128341674805,37.45191192626953,16.826711654663086,19.309038162231445
60.44723129272461,32.83427810668945,39.56250762939453,13.165973663330078,9.161827087402344
121.13407897949219,127.55852508544922,40.541873931884766,40.23085021972656,25.30699348449707,16.02655792236328,16.17403221130371
77.77782440185547,65.25761413574219,58.12467956542969,42.912296295166016,26.784664154052734,32.203094482421875
