0.7517324090003967,-0.43271273374557495,0.7041606903076172,1.1090664863586426,-0.9874308109283447
-2.225065231323242,-1.1675463914871216,-2.188185930252075,-1.3840603828430176,-0.5047826170921326
-0.6607765555381775,-0.9752558469772339,1.174436330795288
-0.0561676099896431,-1.007460355758667,0.27410778403282166,-0.09370854496955872,-0.6869798302650452,0.4789625406265259
0.24216915667057037,3.0046141147613525,0.4164884090423584,-1.192901372909546,-0.13137200474739075,2.3043322563171387,3.9882471561431885
0.018601620569825172,-0.23795343935489655,-0.8121212720870972,0.6466820240020752
0.5786473155021667,1.4764103889465332,0.9315861463546753,0.7187645435333252
0.3116052746772766,-2.2791364192962646,0.84403395652771
-0.005309809930622578,-0.8047345876693726,0.14128196239471436,-1.3024797439575195,0.3657999336719513
0.31144189834594727,1.5558916330337524,0.8175627589225769,1.6103595495224,2.0348048210144043,3.316383123397827,-1.0135341882705688
-0.06156998127698898,0.24821920692920685,1.11403226852417,0.5629432797431946,-0.26770567893981934
-0.7790732383728027,-0.5319505929946899,0.2280486673116684
-3.142665386199951,-0.4246467053890228,-0.32433488965034485,-1.7184635400772095,-0.01871269755065441
-0.26811349391937256,-0.217440664768219
-2.452976942062378,-1.8730113506317139,-3.274874210357666,-0.9802410006523132
0.43918830156326294,-0.6805481314659119,0.38435614109039307,-0.7034841179847717,-1.7719383239746094,-0.576947033405304
0.7616121768951416,-0.8654297590255737,-0.5609257817268372,1.8219590187072754,-0.7771948575973511,-0.27541396021842957
-1.3128740787506104,0.7137517929077148,0.4095601439476013,-2.689528703689575,1.6154617071151733,-1.7715671062469482
-2.0436980724334717,-1.6754752397537231,-1.2482835054397583,-0.757003903388977
1.589363932609558,0.3788469731807709,1.6444741487503052,0.27876439690589905,-0.7772239446640015,2.0406301021575928,0.7060417532920837,2.5589442253112793,-0.9748834371566772
-1.3680427074432373,-2.0490596294403076,-0.1309587061405182,-0.30137065052986145,-0.8079923987388611,-1.347052812576294,-2.3178539276123047,-0.8801649212837219
-0.4184715449810028,-1.1430091857910156,-2.5230538845062256,-3.962293863296509,-4.2163801193237305
-1.3494991064071655,-2.633652925491333,-3.5706369876861572,-1.6605650186538696,-1.3635942935943604
2.153480291366577,-1.3471580743789673,1.0991148948669434,0.25538256764411926
1.286385416984558,2.0904486179351807,-0.8329933881759644
-1.2730848789215088,-0.39026519656181335,-0.9187518954277039,-1.7313225269317627,-1.8404967784881592,-3.3770029544830322
-1.7822294235229492,-0.4385043978691101,-0.1590406894683838,-1.5141681432724,-2.847832202911377
-1.6614965200424194,-2.848670244216919,-2.6207802295684814,-0.07997573912143707
1.3929612636566162,1.0646777153015137,1.974708914756775,2.2127904891967773,0.7732533812522888
-0.9944390654563904,-0.911672055721283,0.08558972179889679,-0.19158436357975006,1.0172444581985474
-0.9488664269447327,-1.1366785764694214,-2.512388229370117,0.04728357493877411,0.29672151803970337,-1.411959171295166,-1.5102490186691284
2.4162631034851074,2.0823614597320557
-1.4676259756088257,0.5005127787590027,-4.301893711090088
1.054856538772583,-0.18133963644504547,-1.2587649822235107,-0.25538337230682373
2.3687446117401123,1.4197512865066528,-2.411163568496704,2.637528896331787
-0.391591876745224,0.8525868654251099,-0.12507286667823792,-1.163164734840393
-0.0020385468378663063,-0.5241515636444092,0.13727812469005585,-0.29518964886665344,2.0027389526367188,1.4862220287322998
-0.9867530465126038,0.41482773423194885,-1.3621125221252441,-0.05368639528751373,-1.5612822771072388,-2.394652843475342,-2.738455057144165,2.295438289642334
-1.3934012651443481,-0.42374107241630554,-1.8836489915847778
-1.935086965560913,-3.618830680847168,-1.6362860202789307
-2.5721209049224854,-3.401759624481201,-2.7722723484039307,-2.363140821456909,-1.3239285945892334,-0.5820974707603455
-0.48837345838546753,-1.1485071182250977,-0.7025262713432312,-0.2274317890405655
-0.45881539583206177,1.4869720935821533,1.7900668382644653,-0.39721688628196716,0.43802496790885925,1.4709703922271729,-3.5440986156463623
-0.9724735617637634,-0.7868663668632507,-0.6985926628112793,-0.2135874629020691,-2.1982691287994385,0.9462316632270813,0.871138870716095,-2.171647548675537
-1.8266700506210327,-1.7574983835220337,-3.300469160079956,-2.238995313644409,-3.944695234298706,-3.808251142501831
-1.8213958740234375,-1.547844409942627,-0.9317139387130737,-0.5498988628387451,-2.4135451316833496,-1.0757700204849243,-2.1236016750335693
0.937462329864502,0.2896353304386139,0.003991023637354374,0.4739716053009033,0.9840742945671082,-1.0872644186019897
-0.1146920770406723,-0.841191828250885,-0.2160910815000534,0.8078262209892273,-0.30592459440231323,-0.9753407835960388
-2.220367670059204,-2.75449538230896,-0.7493953108787537,-1.3617537021636963,-1.1726717948913574
2.8108367919921875,-0.4494950771331787,-0.37305018305778503,2.3321070671081543,-1.3996940851211548,0.9500700831413269,1.9364736080169678
-1.3754360675811768,-0.19386431574821472,0.2172715812921524,-1.431982398033142,0.06887409836053848,-0.8885408639907837
-1.2365940809249878,0.3701711893081665,-0.890188455581665,1.4467501640319824,-1.1272135972976685,-0.6128889918327332
1.9672783613204956,2.421543836593628,0.9130555987358093,0.4495735466480255
1.6765447854995728,1.5179173946380615,1.3249765634536743,0.9025638103485107
0.9150944352149963,-0.6237924695014954,-2.5801947116851807,-0.834069550037384
0.2482886016368866,1.5666069984436035,0.6666806936264038,2.539618730545044,2.3636324405670166,-0.12203441560268402
1.4581310749053955,2.097231149673462,3.280151844024658,1.882047414779663,1.0081899166107178,1.164374589920044,4.5338358879089355,0.730025589466095,0.7660178542137146
-0.6507129669189453,-0.43085840344429016,-0.06608432531356812,-0.22390805184841156,-0.8782434463500977,0.39686813950538635,-0.9525715708732605
0.6380171775817871,-1.4657135009765625,-2.188807487487793,1.012661337852478,-2.425549030303955,-0.12426262348890305,-3.275634765625,2.218247175216675
1.740243911743164,-0.31677544116973877,0.46517428755760193,-0.7577780485153198,0.33804184198379517,0.23287756741046906,-1.937619924545288,0.7541723251342773
-0.9204272031784058,-0.9502921104431152,-0.8132374882698059,0.10290388762950897,-0.34598517417907715
1.1567548513412476,1.047480583190918,-1.4399454593658447,-0.2007429003715515
0.45633843541145325,-0.09496995806694031,0.13798488676548004,2.167074680328369,1.3486236333847046
1.0146855115890503,2.705606460571289,1.3147032260894775,-0.02311532199382782
0.47045984864234924,-0.015872985124588013,-0.8729960918426514,0.051041603088378906
-1.6900904178619385,-2.2697224617004395,-2.558666467666626,-3.2577831745147705,-2.7667574882507324
-1.0092582702636719,0.149710014462471,-0.6998347043991089,-0.9193114638328552,1.319602370262146,2.0434014797210693,0.531765878200531
1.7096821069717407,1.427578091621399,1.9960176944732666,2.068305730819702,-1.3091742992401123,-1.8961225748062134,1.6861603260040283
1.597517967224121,-0.2636837363243103,0.24467135965824127,0.40227749943733215,4.0463995933532715,1.5114909410476685
-0.8154689073562622,-1.4714913368225098,-0.9987348914146423,-0.09235505014657974,0.24540303647518158,0.6518489122390747
0.19716285169124603,-0.19418488442897797,0.4200233221054077,-0.11507487297058105,0.9163154363632202,0.21552588045597076,-0.026942463591694832,-0.39016392827033997
1.8248978853225708,-0.7511073350906372,1.1060733795166016,1.0736604928970337,0.07582329213619232,0.845382809638977
-0.8045511841773987,-0.3558441698551178,-0.5434890985488892,-0.2469690442085266,-1.1135505437850952,-0.8450559377670288,0.33372437953948975,-3.2926383018493652
-1.5324745178222656,-3.051746368408203,-1.8969964981079102,-2.124439001083374
-0.1287156492471695,-0.8153484463691711,-1.462242841720581,-0.6067831516265869,4.262688159942627,-0.9434102773666382
-1.4943935871124268,-1.8602324724197388,-1.4851830005645752,-1.4140217304229736,-2.514202356338501
-2.0274722576141357,-0.855984628200531,-2.408188819885254,-0.5095850825309753,4.061704635620117,-1.730041742324829
0.1918802112340927,0.17634820938110352,1.9750158786773682,1.2974565029144287,1.9359791278839111,2.9820199012756348,3.9381518363952637
0.39216941595077515,0.22419068217277527,2.7312817573547363,0.41348975896835327,0.20174868404865265,1.6806343793869019
-1.309611439704895,-0.11157119274139404,0.15345872938632965,-1.9321163892745972,-0.2763526737689972,0.6664961576461792
-0.4780619442462921,0.28962793946266174,2.0136172771453857
2.150587320327759,2.136643171310425,-1.108639121055603,1.10386323928833,3.7480523586273193,0.4263318181037903
0.26239365339279175,0.23234228789806366,-1.2070200443267822,-0.07924610376358032,-0.4106728434562683
-0.2770031690597534,1.446433663368225,-1.9185197353363037,-2.186213970184326,1.562436819076538
-1.1442787647247314,-2.447467803955078,-1.0264091491699219,-1.2779737710952759,-2.6145520210266113,-1.6883517503738403,-0.1718604862689972,-0.7369524836540222,-0.6142276525497437
0.12672729790210724,-0.03827463835477829,-0.4863133728504181,-0.5647799372673035
1.242284893989563,-1.229225754737854,-0.4168727993965149,-0.3774472773075104,-0.028915297240018845
0.15857599675655365,0.5467942357063293,0.192979633808136,-0.06740965694189072
1.260542631149292,-0.16835792362689972,3.173192024230957,0.04508015513420105,1.6090883016586304
-0.630361020565033,-2.6625683307647705,-0.15240731835365295,0.4415424168109894,-0.3324354588985443,1.0032532215118408,2.599005699157715
-0.1303015649318695,0.14758116006851196,3.1680517196655273,1.5147693157196045,-1.9555140733718872,2.5820393562316895,0.7790611386299133
0.44556713104248047,-0.4365885853767395,-1.2132513523101807,0.9064321517944336
-0.69488126039505,-1.8980807065963745,-2.392066240310669,-1.4485713243484497,0.12935714423656464,-3.452892780303955,-0.6033190488815308,1.6773635149002075
-0.8423163294792175,1.3965468406677246,1.1355880498886108,-0.23590978980064392,-0.9513512253761292,1.174038052558899,1.8392655849456787,-0.2082202285528183
-1.38931405544281,3.066974639892578,-2.1496219635009766,-1.6259369850158691,-2.583693742752075,-3.1248562335968018,-1.9200398921966553,-1.6302084922790527
0.05750676617026329,2.6806912422180176,1.8873963356018066,1.8261228799819946,3.1680514812469482
2.0317459106445312,0.34850794076919556,3.415119171142578,1.551247239112854,2.103308916091919,-0.14654329419136047,1.7389627695083618
-0.6967920660972595,1.4509423971176147,0.905314028263092,-1.1149522066116333,0.15297895669937134
0.23408742249011993,0.10402685403823853,0.9943689107894897,1.2592995166778564,4.316272258758545,-0.18552105128765106,2.7703120708465576,-3.5124809741973877
0.2391563057899475,1.0757734775543213,0.1928127259016037,-0.3337090015411377
0.9699077606201172,-2.0803608894348145,-0.950899064540863,0.9767720699310303,1.3143612146377563,-3.202341318130493,-3.3449151515960693
0.4380556046962738,1.7387597560882568,-0.1272699534893036,0.9007495045661926,-0.454534649848938,1.3193057775497437
-1.297912359237671,1.0204062461853027,0.37980276346206665,-0.1713479459285736,1.9113848209381104,0.6335448026657104,1.3327999114990234
-0.08930129557847977,0.786984920501709,-1.457704782485962,-0.5169148445129395
-0.07977742701768875,1.652329683303833,1.217733383178711,1.2748116254806519,0.8396401405334473,1.861001968383789,-1.6197245121002197
0.8844336867332458,0.10322392731904984,4.495883941650391
-0.13035765290260315,0.4806116819381714,0.14269617199897766,-1.78738534450531,1.171685814857483
-1.688504695892334,-0.5879213809967041,-0.5975691676139832,0.3553154170513153,-0.6550304889678955
0.0723290666937828,-1.6218202114105225,0.2503693103790283,-1.516726016998291,-1.9363352060317993,3.5287017822265625,-1.5551726818084717,-2.154444694519043
-2.3185007572174072,-2.3052589893341064,-2.434044122695923,-2.2129321098327637,-1.9252066612243652,-2.0506439208984375,1.70278000831604
-1.1586933135986328,-0.21883204579353333,1.7345539331436157,0.6837549209594727,1.824333906173706
-0.7774460315704346,0.5624384880065918,1.1343164443969727,0.11414089053869247,-0.9858905673027039,1.0615460872650146,-0.3182550072669983
0.6862838864326477,-1.1042274236679077,-0.3948121666908264,-0.5842443108558655,0.574481725692749
0.7570648193359375,1.2565053701400757,0.1976211965084076,0.3261868357658386,1.3324077129364014,0.582997739315033,2.4742772579193115,1.1198971271514893
-0.6082002520561218,-0.9556640386581421,-0.7551102042198181,1.2283508777618408,3.296786308288574,-2.8032610416412354,-4.406304359436035
-0.3381761610507965,0.49416422843933105,0.6283732056617737,0.39237290620803833
-0.5732883214950562,-2.6050589084625244,-1.3833283185958862,-2.8167974948883057,-1.963329792022705,-0.39416202902793884,-1.1764239072799683,-1.0532193183898926
-0.05373901501297951,0.14915502071380615,-0.22972874343395233,0.4153742790222168,1.3427711725234985,-1.472216010093689
0.8541087508201599,-1.813704013824463,0.9411342740058899,-0.1877136379480362,0.7521819472312927,-0.9955693483352661,-1.013458013534546
1.4160065650939941,0.7161182761192322,0.47203579545021057,1.470488429069519,0.538338840007782,3.080672025680542,-0.3691004812717438,2.0259482860565186
-0.8408327102661133,-0.04405050724744797,0.6056473255157471,-1.7770678997039795,-2.105031728744507,-1.7456902265548706,0.4569908082485199,-1.161522626876831
0.24878142774105072,1.024948000907898,-0.49032920598983765,-2.2127513885498047
0.8520777225494385,2.264225959777832,1.6848732233047485,2.0045859813690186,2.7628633975982666,-0.5747968554496765
0.7187488675117493,1.1703609228134155,0.09915658831596375,0.21029314398765564,0.5053938627243042,0.9100933074951172
2.14131236076355,0.36364877223968506,1.4771424531936646,-0.8466039299964905,-0.12373246997594833,-2.846883773803711,1.0415706634521484
0.9917264580726624,1.204077124595642,1.2516180276870728,-0.17840708792209625,0.3388521373271942,1.5896053314208984,1.9977858066558838
0.19265159964561462,0.6153845191001892,2.719742774963379,0.5743524432182312,1.0591868162155151
1.2381763458251953,1.6983435153961182,1.6289316415786743,1.2226004600524902
1.9710413217544556,0.5362493991851807,0.6317234039306641,3.219641923904419,1.2787119150161743,-3.505998373031616
-1.5489842891693115,-2.0855727195739746,-1.7097231149673462,-2.0360350608825684,-1.8437180519104004,-0.6135900616645813
-1.6583703756332397,0.05420224368572235,-0.00995207391679287,-1.7590057849884033,0.5247864127159119,-0.5561301112174988,1.7451276779174805
0.4371364116668701,2.522629976272583,1.0679439306259155,2.646289825439453,4.270275592803955,0.354757159948349,-1.7706499099731445
0.25141671299934387,0.49499979615211487,2.890275716781616,-2.4613614082336426
1.2034235000610352,0.8263828158378601,1.4669469594955444,0.015291977673768997,1.0971344709396362
0.4086717367172241,-1.7723963260650635,0.7959491014480591
-1.8679441213607788,-2.7820050716400146,-0.025614315643906593,-1.2324544191360474,-4.047589302062988,-1.4113367795944214
-0.14031538367271423,-3.412686347961426,1.1514948606491089,-3.50842547416687
-1.5252960920333862,-0.4626966416835785,-0.06933469325304031,-0.7513794898986816,-0.6460886001586914,-0.8576314449310303,2.0571248531341553,-1.2743417024612427
-0.7905460000038147,-0.20414003729820251,0.9008272290229797,0.17259153723716736,2.201029062271118,-0.08413618803024292,-2.284140110015869,0.34237125515937805
2.3827080726623535,2.9133946895599365,0.5621472001075745,0.06148963049054146,0.9584094882011414
2.2504446506500244,2.0210485458374023,0.9046193957328796
1.96751868724823,2.1003527641296387,2.0371909141540527,-3.8577351570129395
0.7159854769706726,0.19022324681282043,1.156959891319275
-0.2983855903148651,0.23121419548988342,0.5819685459136963,-0.3088732361793518,-1.3423603773117065,0.8416204452514648
0.3309277594089508,0.7943983674049377,1.1178127527236938,-0.03066326305270195,-4.220912933349609,-1.4560091495513916,0.6383891701698303
-2.2275917530059814,-1.1497223377227783,-1.851631760597229,-2.110062837600708,-2.331904411315918
0.5083471536636353,2.032971143722534,1.5056053400039673,0.9567740559577942,-0.17706027626991272,0.005978078115731478
-0.7495262026786804,-0.46203964948654175,0.6588396430015564,-0.49890583753585815
1.3456530570983887,1.5368684530258179,2.0150139331817627,0.7785152196884155,-0.18119026720523834
0.13861921429634094,-1.8775346279144287,-0.6037389636039734,1.3690366744995117,0.026423223316669464,0.02148592099547386,-2.529404401779175,1.3963727951049805,3.490949869155884,-2.0900163650512695
1.9167165756225586,1.6225935220718384,2.033773422241211,-0.8147112131118774
-2.397023916244507,0.3879937529563904,1.6928300857543945,0.5738216042518616,0.5041755437850952,1.762258768081665
0.397930383682251,0.7876966595649719,1.3816907405853271,0.25033652782440186,-2.3285529613494873,3.308272361755371,-2.6696419715881348,1.2442430257797241
0.5913087725639343,0.2365250438451767,0.13808274269104004,2.0380873680114746,1.7019182443618774,-0.10160402953624725,-0.8025647401809692
-1.194402813911438,0.35950011014938354,-0.2126961499452591,0.9180105328559875
-0.7518182396888733,1.16131591796875,-0.9548669457435608,-0.39698526263237,-1.3445476293563843,-0.42899855971336365,-2.9003326892852783
-1.5851694345474243,-2.466885805130005
0.6680874228477478,0.54239821434021,0.7446339130401611,0.9997692704200745,-1.200187087059021,0.9095746278762817,-2.8874313831329346
-2.2438292503356934,-0.34476926922798157,-0.865300714969635,-0.6154259443283081,-0.09527244418859482,-4.46774959564209,-3.645059108734131,-4.033241271972656
-1.778754472732544,-0.288822740316391,-0.5637601017951965,-0.872025728225708
1.561158299446106,2.900224447250366,0.8761298656463623,4.040634632110596,-0.019230253994464874,1.7295459508895874
-0.1999594271183014,0.7792585492134094,1.5396672487258911,-0.809237003326416,0.018239149823784828,1.4822601079940796
0.011509930714964867,1.414467453956604,0.20004498958587646
-0.8341145515441895,0.3863953948020935,-0.5530616641044617,1.8748607635498047,-0.06649111956357956,2.224832534790039,1.475954294204712
-1.1454819440841675,-0.2961578369140625,-1.2970004081726074,-1.5163013935089111,-0.37347668409347534,-0.2756955027580261,1.6463603973388672,0.5354480743408203,0.8167727589607239
0.08558792620897293,0.9152007102966309,-0.48047491908073425
1.444308876991272,1.5817110538482666,1.1153315305709839,-2.3553552627563477,-1.3383358716964722,0.33071082830429077,1.508363127708435
-2.2639036178588867,1.5927937030792236,0.9380565285682678,1.032705545425415,-4.082102298736572,-1.4911715984344482
2.727161169052124,0.9007693529129028,0.057325124740600586,1.2124207019805908,1.5523587465286255,1.6427116394042969,0.9377699494361877,0.4284733235836029,3.8487250804901123,-0.826284646987915
-0.23364657163619995,-0.19906467199325562,0.7866437435150146,-1.3316017389297485,1.9586445093154907
-1.5651253461837769,1.5947014093399048,0.6810078620910645,-2.275078296661377,-1.9284268617630005,0.23732654750347137,-1.4912141561508179
-0.43468594551086426,-0.30354195833206177,-1.5595438480377197,-0.5642772912979126,-2.180929660797119
0.9206799268722534,0.439238578081131,0.4953654706478119,0.08359114825725555
2.874760389328003,1.3629671335220337,-1.1291486024856567,2.0284502506256104,-0.028450699523091316,1.421524167060852,1.5310537815093994
0.3718460202217102,1.0702630281448364,1.266112208366394,-1.6544204950332642,-2.4992573261260986
1.888258695602417,0.43025219440460205,1.0352466106414795,1.0472583770751953,-3.9488401412963867
0.35414931178092957,-2.5650463104248047,1.2691693305969238,-2.1561174392700195,-2.8941800594329834,-0.25125110149383545,-3.1925368309020996
2.897630214691162,2.075300693511963,2.3945326805114746,2.4389004707336426,0.8077525496482849,2.916527509689331
0.929286003112793,-1.4090197086334229,-0.9261220693588257,-0.9750476479530334,-2.1856555938720703,-0.13714301586151123,-2.777745008468628
-1.0418623685836792,0.9287839531898499,0.3564334213733673,-0.29658743739128113,1.5387213230133057,-1.9316262006759644,-2.3698959350585938
1.7923564910888672,1.2359102964401245,2.7421162128448486,-2.403764009475708,4.483886241912842
-0.034223198890686035,-0.7385236024856567,0.35205909609794617,-0.11213488131761551
-1.464865803718567,0.6276336312294006,-2.681094169616699,0.5700454115867615,-1.8753889799118042
0.454379141330719,0.9961603879928589
-1.7388933897018433,-1.3495663404464722,-0.489952951669693,0.6102966666221619,-1.3577401638031006,0.3388807773590088
0.31522053480148315,0.6263736486434937,-2.012359380722046,-1.2404290437698364,-1.0897014141082764,-0.541511058807373,-0.33484897017478943
1.429168701171875,2.047959804534912,1.3521548509597778,-0.33895277976989746,1.0924090147018433,0.10369473695755005
-0.8701255321502686,-2.1722254753112793,-0.7683984041213989,-2.0952277183532715,-1.4230047464370728,0.5786457657814026,0.06493837386369705
1.4273865222930908,-1.827718734741211,0.6543200612068176,-0.13554221391677856,-1.3519409894943237,-3.4058237075805664,-0.09051595628261566,-1.6812773942947388
0.25782614946365356,-2.1890363693237305,0.14717170596122742,-0.010906968265771866,-0.20707611739635468,-0.8139346241950989,1.0977095365524292
0.20527279376983643,0.14029213786125183,-3.7759029865264893,1.9728288650512695,-4.1004638671875
-0.6575199365615845,0.4628179371356964,1.0784809589385986,-0.04105054959654808
-2.220064163208008,-0.8826174736022949,-1.9582663774490356,-1.320227026939392,-0.9761151075363159,0.31423288583755493
-0.9223610162734985,1.5643433332443237
0.048227377235889435,-0.5412460565567017,-0.9281066656112671,-1.3184465169906616,-1.3971192836761475,1.8940997123718262,-2.1293458938598633,2.7420120239257812
2.3216984272003174,2.469167709350586,2.2252416610717773,1.710189938545227,-2.473924160003662,2.4715421199798584
1.9253475666046143,2.134894371032715,1.5341750383377075,3.5574612617492676,0.8791587352752686,0.10287842154502869
2.8633902072906494,2.737032651901245,1.3038767576217651,0.4805392324924469,-1.4753533601760864,2.780358076095581,4.476999282836914
-2.1752395629882812,-1.8989311456680298,-0.39757460355758667,-3.8339364528656006
-2.145317554473877,-0.9734857678413391,-3.3710529804229736,-1.8165513277053833,-2.286726236343384,-2.4864604473114014,-0.394955039024353
0.3375377655029297,3.4111270904541016,-1.242211937904358,1.9620516300201416,2.3833534717559814
-1.5837090015411377,-0.49429112672805786,-0.29769614338874817,1.0026941299438477,-2.227928638458252,3.335939884185791,2.684577226638794
0.9619588255882263,0.5697906613349915,0.8502267003059387,1.533780574798584,1.6502304077148438,2.4977777004241943
