0.05235406756401062,3.419339418411255,-0.977094292640686,0.7124438285827637,1.0595563650131226,-2.207711696624756
1.8803751468658447,0.4786776006221771,2.2554824352264404,-0.6949182748794556,2.6131417751312256,-1.1417595148086548
-0.9391225576400757,-1.2233521938323975,-0.9169742465019226,-1.9377598762512207,2.4629404544830322
-0.3298783004283905,-0.9844549894332886,-3.1456005573272705,0.1427994668483734,-0.053021639585494995,-1.2609368562698364,0.08172396570444107
0.8541494607925415,1.6346487998962402,1.7296351194381714,1.147339940071106,3.0070791244506836,-2.27414608001709,0.22346428036689758,-4.711999893188477,-0.24861204624176025
-0.5364943742752075,-1.4366105794906616,1.5800049304962158,-1.1416672468185425,0.48714643716812134
0.4058116376399994,1.7387313842773438,1.816857099533081,1.6824512481689453,-3.2634963989257812,1.1197841167449951,0.7352312207221985
-1.7982704639434814,-1.3905937671661377,0.744819700717926,-0.7377148270606995,0.5221472978591919,-0.7270872592926025,-4.00711727142334,-1.6638895273208618,0.9961048364639282
-0.1574990153312683,-0.5532519817352295,1.1508702039718628,1.271471381187439,1.4439295530319214,-2.207390069961548
0.058026257902383804,0.5763558745384216
-0.668940007686615,0.7766535878181458,-0.41190430521965027,-0.7063031792640686
-2.147343397140503,-2.1105313301086426,-1.7208530902862549,-1.050571084022522,-1.9338406324386597
-0.030094610527157784,-0.1274605691432953,-0.4353712797164917,3.9191789627075195,0.4135338068008423,0.03276461735367775,-0.7579336762428284,1.6775944232940674
-2.336893320083618,-1.857635736465454,-2.8803184032440186,-2.6976945400238037,-0.24981196224689484
-0.506239652633667,0.24969623982906342,-0.000538873951882124,0.854557991027832,0.8919645547866821,-0.44047829508781433
1.1488404273986816,1.106648564338684,1.2984944581985474,0.7769414186477661,0.6814126372337341
1.0839693546295166,0.6735628843307495,-3.9853811264038086,-0.37347906827926636
-0.18795467913150787,-0.8329908847808838,0.4392194449901581,-2.333606481552124,0.38178983330726624,-1.2556676864624023
-1.72852623462677,-1.5423007011413574,-2.890312433242798,-1.4784868955612183,1.2862884998321533
2.0160629749298096,0.18453143537044525,0.98654705286026,2.1544320583343506,-3.161588191986084,-2.4546587467193604
-0.01942623034119606,-0.588325560092926,-0.8812004327774048,0.44383713603019714,2.158644199371338,-4.5357794761657715,-2.629157781600952,0.8962125182151794
-1.4505813121795654,0.7903180122375488,-1.548081874847412,2.0319395065307617,-0.9034165143966675,-0.21639478206634521,0.82716965675354,0.26199910044670105
1.3321632146835327,0.7999563813209534,0.35196173191070557,2.701665163040161,0.3102622926235199,2.026712417602539,2.3101534843444824,0.1432928740978241,2.0205888748168945
0.081684410572052,0.9988561272621155,0.9425158500671387,-1.7816509008407593,0.4167287349700928
-1.1626207828521729,-0.26477354764938354,-0.13946141302585602,1.1083327531814575,3.130025625228882,1.9069167375564575
-0.741124153137207,0.13678014278411865,1.5604385137557983,-1.129760980606079,-0.24079471826553345,-0.17990705370903015,1.6096439361572266,-0.0077514625154435635
0.7320626974105835
-0.3988690674304962,-1.4022245407104492,-0.9252899885177612,-2.7771220207214355,1.2601416110992432,-0.16515441238880157,-1.2337878942489624,-1.2699697017669678,-1.7369561195373535
-0.845930278301239,-1.1520991325378418,-0.03449542075395584,-0.5474483966827393,-1.7250137329101562,-5.085160732269287,0.9883559942245483,-1.011936902999878,-0.2583688199520111
1.468407154083252,0.12899009883403778,1.8536096811294556,1.592499852180481,-0.962169885635376,1.627120852470398,0.2553199827671051
1.0416232347488403,2.350989818572998
-1.2900527715682983,-1.1020629405975342,-2.1896088123321533,-0.9368006587028503,-0.8082067370414734,-1.090663194656372
-0.0739065483212471,-0.35011494159698486,0.7106287479400635
0.5456352233886719,-1.7095447778701782,-0.11923587322235107,-0.8184677362442017,-2.4108290672302246,-1.2289916276931763
1.0563875436782837,0.32023870944976807,-0.8490598201751709,0.5444469451904297,2.1894240379333496,2.0503787994384766
-0.6819300651550293,1.281247615814209,-0.02145867608487606,2.445019245147705,1.8110535144805908
1.2023401260375977,2.036750316619873,2.087632417678833,-0.669153094291687
0.7403164505958557,1.7018983364105225,2.2154273986816406,2.5210483074188232,0.49369457364082336,-0.3388265073299408,0.9726041555404663,-2.4149885177612305
-1.6894769668579102,-1.4243664741516113,0.6418355107307434,-1.4722334146499634
-2.1229119300842285,-0.5029676556587219,-1.025134563446045
0.6744548082351685,1.5452215671539307,0.18626591563224792,1.784919023513794,1.1329872608184814
-1.6244831085205078,-3.9109811782836914,-2.458096504211426,-3.5154364109039307,2.046722888946533
-1.4518712759017944,-2.355971097946167,-2.938602924346924,-1.2854418754577637,-2.688185214996338,-1.9824798107147217,-3.049027681350708
-0.9292123913764954,-0.8316787481307983,-1.5125572681427002,-1.4604594707489014,0.03174008056521416,-1.2856037616729736,2.4084010124206543
2.2337827682495117,2.3730790615081787,4.143454551696777
-1.5392580032348633,-1.0991381406784058,0.2643294930458069,-0.9491558074951172,-0.5532706379890442,-0.44624897837638855,-1.3968881368637085
-1.153976321220398,-0.18882152438163757,-1.089848518371582,0.3451859951019287,0.690261960029602,-1.2601509094238281,0.6220704317092896
-2.139238119125366,-1.9424763917922974,-0.2801939845085144,-1.6833186149597168,-0.8536162972450256,-1.533155083656311
1.3658360242843628,-0.2470856010913849,0.30266886949539185,1.1165589094161987,0.9642118215560913,-0.2957358658313751
1.739665150642395,1.902381420135498,1.49691641330719,1.081721544265747,-1.6905425786972046
0.914700448513031,1.8887368440628052,0.5440675020217896,-0.10455691814422607,0.7355561256408691,-4.651578426361084
1.1789393424987793,-1.6641722917556763,0.14259450137615204,2.0118417739868164
1.4052256345748901,0.3057093322277069,-0.10526424646377563,-1.0326669216156006,-0.04033053666353226,0.7099829316139221,-2.0715065002441406,-0.668458104133606
-1.1038386821746826,-2.693326711654663,-0.6983028054237366,-2.0741448402404785,-0.47127029299736023
1.2566452026367188,-0.5164397358894348,-1.6029157638549805,-0.0675821602344513,-1.189383864402771,-0.10566447675228119
-0.43252333998680115,1.1260119676589966,0.5418714880943298,-0.35752201080322266,1.3212623596191406,-0.8173102736473083
0.7382458448410034,1.6942247152328491,0.9738284945487976,1.4579746723175049,0.31869444251060486,2.7066421508789062
0.7156784534454346,1.6610409021377563,2.2787222862243652
-1.083052396774292,0.34777364134788513,0.5550221800804138,0.13280406594276428,0.03840159624814987,-0.677381694316864,-1.429975152015686
-0.9406624436378479,-1.0834375619888306,-0.37260016798973083,-3.680732250213623,-0.8731353878974915,-0.18552973866462708
-1.385208010673523,-1.8776416778564453,-1.003919005393982,-3.109039068222046,-2.2228543758392334,-0.11012190580368042,-1.7703546285629272
0.010668144561350346,0.4682598412036896,1.0066261291503906,-0.5345693826675415,3.199390411376953,2.0990920066833496,1.6532349586486816,-0.21748022735118866,2.430312156677246
-1.3033417463302612,0.27176040410995483,1.017472743988037,0.8752679824829102,0.8105487823486328,0.30660194158554077,4.103341102600098,-0.5003973245620728
-2.307462692260742,-2.350709915161133,-1.9636601209640503,-2.8167307376861572,-1.3215723037719727,0.7884575128555298,-1.930024266242981
0.37819036841392517,1.7285995483398438,1.7094035148620605,1.946750521659851,1.6943718194961548,1.2458198070526123,0.3011898696422577
1.861346960067749,-0.8255694508552551,-0.6265429258346558,1.5137900114059448,0.6824501752853394,0.8725786805152893,1.218498945236206,-0.9173591136932373,0.2526003420352936
-0.37430238723754883,0.45452263951301575,0.8654506206512451,0.20940576493740082,0.2918887138366699,0.27829450368881226
-0.23489363491535187,0.21510981023311615,0.21580596268177032
1.6271880865097046,0.7473657131195068,1.7253637313842773,1.1570430994033813,0.5036646723747253,1.4891974925994873,2.955876111984253
-0.7299118041992188,1.6022218465805054,0.6747064590454102,0.21150104701519012,1.3064407110214233,-4.562583923339844
-3.5252938270568848,-1.152614951133728,-1.34255850315094,-0.2670646905899048,-1.0154738426208496,2.765097141265869,-2.5613491535186768,-1.7617112398147583
1.475873351097107,0.5654520988464355,0.3893266022205353,1.4447439908981323
-3.0219459533691406,-0.2629461884498596
1.717259168624878,1.3373600244522095,1.8326520919799805,2.4860401153564453,1.6870168447494507,0.8972284197807312,2.863579034805298,-1.5434104204177856
1.4901267290115356,2.6214540004730225,1.042524814605713,-2.289886713027954,0.3392414450645447,-0.26061201095581055,1.5442742109298706
-2.0709590911865234,-2.8353652954101562,-1.0273778438568115,2.3134677410125732,-2.405181407928467
1.2655558586120605,1.8710646629333496,1.2468132972717285,1.8291939496994019,-2.4290311336517334,0.6891174912452698,2.6981468200683594
-0.9484052658081055,-0.5295642018318176,-0.9516524076461792,0.4323912262916565,0.5735158920288086,-1.5898067951202393,2.0277528762817383
-0.6901131868362427,-1.0192322731018066,-0.5527099370956421,-1.248404860496521,-0.9980306029319763,-2.6640729904174805,2.2666900157928467
-0.599943220615387,0.6071407794952393,0.20171326398849487,-0.10048414766788483
-1.6395965814590454,-1.5183942317962646,-0.8523952960968018,-0.2541904151439667,1.3709267377853394,1.5442795753479004,-0.8236497640609741,-3.65262508392334
-0.14155510067939758,-1.3863670825958252,-2.1835479736328125,0.6001080274581909,0.9826334118843079,0.11607005447149277,-2.5306830406188965,0.4551211893558502,-1.5528086423873901,-1.9373043775558472,0.2913806140422821
-0.12087152153253555,-1.2602510452270508,0.36139798164367676,-0.23883190751075745,1.7210345268249512,0.9660852551460266
-0.5167287588119507,-0.6272762417793274,-1.788948893547058,-0.9643331170082092
-2.2455060482025146,-0.5621882677078247,0.005683946888893843,-4.143097400665283,1.04567289352417,1.6019937992095947,-2.524282217025757
0.6728525161743164,-0.26136377453804016,-0.4761274755001068,-0.6568917632102966,-1.5811158418655396,3.8252673149108887
1.555139422416687,1.7526581287384033,1.3211058378219604,0.5083374381065369,1.4967175722122192,-0.7799975872039795,1.703242540359497,-0.3399815857410431
-0.12928256392478943,1.9563686847686768,2.2811965942382812
0.7683735489845276,1.56170654296875,0.5929789543151855,0.8020949363708496,0.1482084095478058
1.8167849779129028,1.6427565813064575,0.5288163423538208,1.1441285610198975,-1.5929447412490845,1.1099536418914795
0.6554837822914124,-0.35521838068962097,1.0227077007293701,-0.1009778305888176,2.181274890899658
1.549791693687439,2.7757325172424316,2.390122413635254,3.960345983505249,3.5231316089630127,-3.71750807762146
-0.1478232741355896,-0.787813663482666,0.9858106374740601,-1.6173486709594727,0.2774723470211029
-1.2146837711334229,0.636145293712616,-2.068345069885254,1.7005412578582764,-1.0132561922073364
0.4825937747955322,1.8336849212646484,-2.267406702041626,-0.6089749932289124,0.2670954763889313,0.4350174367427826
1.5632141828536987,1.354176640510559,1.7308180332183838,0.6934150457382202,2.6171581745147705,0.7632734775543213
-2.7630679607391357,-0.824367344379425,-1.419590711593628,-2.236971616744995,-1.5065100193023682,0.9964448809623718
1.699720025062561,0.8463530540466309,2.199493408203125,-0.9958862066268921,1.622821569442749,1.1330831050872803,0.7846457958221436
-2.161499500274658,-0.35249531269073486,0.9116097092628479,1.3745049238204956
-1.1826355457305908,-0.32894840836524963,-2.336171865463257,-0.5596160292625427,1.9173632860183716,-1.114693284034729
1.3230738639831543,-0.17010916769504547,0.35634031891822815
-0.11288440972566605,-0.1644091159105301,-1.0756281614303589,-0.1201816201210022,-1.9232257604599,-1.7607711553573608
-2.223381996154785,-2.263084888458252,-1.3861219882965088
-1.4335201978683472,-3.891855001449585,0.847279965877533,3.339332342147827,-4.65881872177124,1.1464544534683228
0.539405107498169,0.03630206361413002,0.7519714832305908,4.827483177185059
-1.1714612245559692,-0.1558288335800171,0.08812985569238663
0.22843782603740692,-1.419601559638977,0.007510999217629433,-1.0399105548858643,-0.9226323962211609,1.091097354888916,0.9067180752754211,1.0611499547958374
-1.1925349235534668,-0.9255046248435974,-1.176123857498169,-0.006264599040150642,-2.516343832015991,1.401563286781311,2.64347243309021,0.3062328100204468
-3.113452911376953,-0.21255537867546082,-1.9236268997192383,-0.4567807912826538,-2.186060905456543,-4.14641809463501,-2.259276866912842,-0.4229936897754669
-0.05694258213043213,-2.0078537464141846,-3.681218385696411
-1.263152837753296,-1.3237329721450806,-0.7151147127151489,-0.8293375372886658,-2.288985013961792,-0.8770443797111511
-0.5009135007858276,-1.4659171104431152,0.04828893765807152,-0.9558705687522888,-0.06038369983434677
2.42167067527771,1.0960613489151,1.759395718574524,2.160552501678467,0.8342280983924866,-1.984947681427002,0.12372413277626038
0.5038156509399414,-0.6570903658866882,0.1360679715871811,1.3574016094207764,1.5262092351913452,-0.548272967338562,-0.24178466200828552
-0.47536128759384155,1.7426649332046509,0.6120901107788086,-0.038143523037433624,0.8368736505508423,-1.6201668977737427,1.0495508909225464,0.22643980383872986,-1.462588906288147,1.4062947034835815
-0.22983598709106445,1.9943883419036865,-0.9321795105934143,1.5202032327651978,2.5208754539489746,-0.9173679351806641,0.938441276550293
1.1675082445144653,-1.81156587600708,0.6805104613304138,-1.377765417098999,-0.37141892313957214
-0.7479257583618164,0.25875261425971985,3.177865743637085,-1.024905800819397,-0.6009905338287354,-0.2840932309627533
0.19340555369853973,-0.7639172673225403,0.557002067565918,-0.9520618319511414,2.2131495475769043,-1.6268190145492554
1.860243797302246,0.2991531789302826,1.7910999059677124,1.0324586629867554,1.4811707735061646,0.88337641954422,-0.4305987060070038
0.2907010018825531,1.4981926679611206,1.1097149848937988
-1.992301106452942,0.0421571210026741,-0.5025518536567688,-2.124160051345825,-0.340431809425354,3.761892795562744,1.4810645580291748
-0.7349902391433716,-0.8029863834381104,0.2675536870956421,0.7553130388259888,1.038000464439392,-1.1720377206802368,-0.36014920473098755
-1.3799434900283813,-0.25713804364204407,-1.017149806022644,0.38385507464408875,1.2462859153747559,-2.9590330123901367,-1.2615083456039429,-1.567116141319275
-0.4383590519428253,-1.674137830734253,0.4150107800960541,-0.15226908028125763
-0.9096484184265137,0.28887635469436646,0.42780977487564087,-1.5209887027740479,-1.9126687049865723,-0.9460516571998596
-0.3384729325771332,0.15246078372001648,0.05409621447324753,-2.48360276222229
1.014402985572815,0.18967227637767792,-0.41898444294929504,0.85272216796875,0.8609080910682678,0.12280232459306717
-0.23894765973091125,-0.6276790499687195,0.332071453332901,0.9111042022705078,0.6317942142486572,1.2565829753875732,1.3898006677627563
-0.6122099757194519,0.38945579528808594,-0.09977081418037415,1.756242036819458
-1.8743090629577637,1.0965206623077393,1.417891025543213,-0.00740330945700407,0.24198269844055176
-0.6863504648208618,-0.5129604339599609,-0.6309958696365356,0.07198623567819595,-1.1893656253814697,-1.3281298875808716
0.5111725330352783,-2.401538610458374,0.6373870372772217,2.691851854324341,-1.8166751861572266
-1.8273487091064453,-0.7167656421661377,-0.7004849910736084,0.0999160185456276
-0.45416924357414246,1.4704757928848267,0.10878688097000122,0.559269905090332,0.06722626835107803,-0.8215548396110535,0.05035017803311348,1.3749098777770996,-1.0326945781707764
-0.41690394282341003,-1.9811612367630005,-0.5869364142417908,-0.8233991861343384,0.8605198860168457
0.9401866793632507,-3.170053243637085
0.48557114601135254,0.9116024374961853,-4.277799606323242,2.2400033473968506
-3.027676820755005,-2.009687900543213,-1.0850600004196167,-1.9222640991210938,-3.034820079803467,-3.9003891944885254
0.8680635690689087,-0.6001009941101074,-1.3669672012329102,-0.28210610151290894,-4.248238563537598,-0.5660703182220459
-0.4298938512802124,-2.8149566650390625,-1.8328202962875366,-1.6061484813690186,-3.2157392501831055,0.1987246572971344,-2.091059684753418
-0.9196929931640625,-0.7723674178123474,-1.1199127435684204,0.14015941321849823
0.8718424439430237,-2.350609540939331,0.2745116353034973,-0.9815332889556885,-2.1333513259887695,-0.6631959080696106
-0.16529244184494019,0.8054787516593933,0.4097250998020172,1.3808411359786987,0.4673248529434204,-1.7446751594543457
0.23410972952842712,-0.11370223015546799,1.159120798110962,0.04711832106113434,-0.6584981083869934
1.838773250579834,1.302668809890747,2.328338861465454,2.5924365520477295,-1.7163723707199097,0.08947144448757172,2.5136289596557617,4.316025257110596
-1.336746335029602,-0.6568562984466553,-0.08212395012378693,-1.4121911525726318
-0.605767011642456,-1.8754819631576538,-0.9011633992195129,-2.5738625526428223,-3.360778570175171,0.9050267934799194,-2.7814977169036865,-2.4548678398132324,-4.237074375152588,-2.2741827964782715
-0.3331316411495209,-0.3216610252857208,-0.7226757407188416,-0.5790303349494934,0.12108074128627777,4.454895973205566
-1.0425913333892822,-0.8327699899673462,-0.7122988104820251,-0.3812994658946991,0.060076139867305756,-0.1332792043685913
2.214689254760742,-1.1619302034378052,-0.787730872631073,0.7421320080757141
1.6027183532714844,2.301441192626953,2.409571647644043,2.8426156044006348,1.5570058822631836
1.2786263227462769,0.5292563438415527,-0.016118019819259644,0.9229702949523926,-0.28478485345840454,0.09174343943595886,1.101291298866272,-1.725577473640442,2.4472391605377197
1.646395206451416,1.3928186893463135,2.2209012508392334,1.4015253782272339,-0.5348877310752869,1.3724743127822876,-0.5774361491203308
0.5299680233001709,1.2770923376083374,1.484713077545166,1.7165104150772095,0.5954052805900574,1.0021617412567139,4.664096355438232,2.132641553878784
-0.027113940566778183,-0.3884862959384918,0.36224842071533203,0.873349130153656,1.427661418914795
-1.3528591394424438,-2.2208220958709717,-1.5211368799209595,-1.1354789733886719
0.8598863482475281,1.0779681205749512,0.06575080752372742,-0.01902007684111595,-3.316190481185913,-1.1166378259658813,-0.6868343353271484
-1.7512173652648926,-1.027425765991211,-0.6995049715042114,0.30509674549102783,-0.07433406263589859,-2.43579363822937,-1.2244799137115479
1.90367591381073,1.541020393371582,1.3116822242736816,1.2379024028778076,-0.1526033878326416,1.4809212684631348
-0.8218476176261902,-0.06616926193237305,0.2686064541339874,1.3242236375808716,-2.8826944828033447
-0.042014509439468384,-0.6030438542366028,-0.4136655926704407,-2.4283411502838135,0.066429503262043
-0.6323567628860474,2.2258219718933105,1.627131700515747,1.502040147781372,2.7025606632232666
-2.01373291015625,-1.1429784297943115,1.1908326148986816,1.3794597387313843,0.8657453656196594,1.068724274635315,0.9561142325401306
-0.7611952424049377,-0.3581356406211853
1.0211777687072754,0.4564080238342285,0.42249977588653564
-2.8110992908477783,-2.2407145500183105,0.9651600122451782,2.762361526489258,2.6442761421203613,-2.1623740196228027,-1.9447190761566162
-1.2013497352600098,1.3900374174118042,5.064425468444824,1.534238576889038,2.232621192932129
-0.2943837642669678,1.3717092275619507,0.3009558320045471,-1.9435478448867798,0.2957595884799957
1.0321508646011353,0.8284422159194946,0.9399289488792419,0.496196985244751
-0.5210035443305969,-0.42789721488952637,0.8971869349479675,0.891319990158081,0.5283579230308533,2.360978603363037,-2.3883683681488037,-0.8698675632476807
1.774343490600586,-1.7294301986694336,0.7463147640228271,0.19485333561897278,1.295790195465088,2.401721239089966,1.0407377481460571,0.09900303930044174,-3.479287624359131,-0.3199900686740875
1.6313711404800415,2.2933974266052246,1.9125399589538574,2.5018434524536133,2.338712215423584
-1.0282421112060547,-0.5176986455917358,-0.3414474427700043,-2.279628038406372
0.3356182873249054,-0.8173931241035461,-2.4127190113067627,-2.3315412998199463,1.0236698389053345,-0.1339040994644165
2.17647385597229,0.26687124371528625,3.416478157043457,-2.613173246383667
0.8009403347969055,-0.04551983252167702,-0.22199290990829468,0.19385506212711334,0.34891533851623535,-0.8855922222137451,0.6924307942390442,-3.3219716548919678
0.33667176961898804,-1.4711227416992188,-0.42481502890586853,0.7376821637153625,-1.2837438583374023,1.2491860389709473
-1.1703184843063354,0.6091020107269287,-0.8597525358200073,0.10321936756372452
-1.667788028717041,-0.348071813583374,-1.8241654634475708,-0.7537340521812439,-0.9045444130897522
0.7939772605895996,0.2902226150035858,1.827736496925354
0.877685546875,3.1326534748077393,1.175722599029541,-1.6913244724273682,0.4918012022972107,-0.8463135957717896,-0.8838342428207397,3.213200569152832
-0.5077961683273315,-1.6234607696533203,-0.0430118702352047,-2.2067220211029053
-0.08508478850126266,0.6176064610481262,2.053036689758301,-0.16527274250984192,0.832932710647583,0.45173436403274536,3.07150936126709,2.582296371459961
-0.4821490943431854,1.2847760915756226,0.19556064903736115,0.4064657986164093
0.7202262878417969,1.5336458683013916,4.243448734283447,1.5320768356323242,1.0638339519500732
-0.467521071434021,-0.23923759162425995,-0.40432414412498474,-1.7000534534454346
0.5730261206626892,2.99440598487854
-0.4751700460910797,-0.27876606583595276,-0.5311504602432251,-1.229409098625183,0.7057729363441467,-0.9172965884208679,1.5596542358398438,1.6446698904037476
1.2199585437774658,-0.6087279319763184
0.8166804313659668,0.4492551386356354,-0.26320239901542664,2.2935519218444824,0.2745364010334015
-0.7941465377807617,-1.2134307622909546,-0.8687700629234314,-1.945359230041504,3.6257495880126953
0.43602022528648376,-0.027435025200247765,-5.167834281921387
-1.337416410446167,1.6547842025756836,0.11561835557222366,-0.9985175132751465,-1.8844212293624878
-1.580098032951355,-1.1671489477157593,-1.6670708656311035,-1.999599575996399
-2.2610299587249756,-0.649888813495636,-1.133471131324768,-1.767189860343933,-1.543867826461792
0.07358368486166,-0.3821319043636322,-0.620447039604187,-2.184107780456543,-0.503606379032135,2.1214194297790527,-1.7947828769683838
-0.08501046895980835,2.237191915512085,1.0819475650787354,0.04888397455215454,-2.007366418838501,1.319057822227478
0.44169214367866516,-0.5500200390815735,-0.28435251116752625,-0.6811352968215942,0.4624217450618744,-2.629711389541626,2.330728054046631,-0.6763721108436584,-0.8608941435813904,0.6237218379974365
-0.4500190317630768,-0.7076561450958252,-1.3031171560287476,-1.785122036933899,-1.0016767978668213,-0.9339560866355896
1.3014779090881348,0.33926883339881897,1.93882417678833,1.3970508575439453,2.423226833343506,1.2679786682128906,-0.7439386248588562,2.1524085998535156
1.4074028730392456,2.85571026802063,2.6870179176330566,2.100987434387207,1.887749433517456,3.1261231899261475,-4.043447971343994
