79.73587799072266,14.165367126464844,33.49014663696289,12.998011589050293,20.626617431640625,8.240652084350586
114.79902648925781,69.61116790771484,49.946651458740234,32.71576690673828,34.119972229003906,22.284536361694336,18.862417221069336
198.88946533203125,172.97154235839844,61.01312255859375,38.937870025634766,51.477115631103516,15.783931732177734,13.497626304626465
98.28801727294922,66.56857299804688,42.76478958129883,21.24867057800293,27.58869743347168,20.588470458984375,10.843544960021973,19.74188995361328
62.174983978271484,51.11642837524414,32.798213958740234,36.38554000854492,24.119640350341797
40.75559997558594,34.475215911865234,41.75275421142578,13.436868667602539
122.92085266113281,114.2135009765625,41.3175048828125,28.335248947143555,23.091079711914062,26.063570022583008
92.17648315429688,97.36406707763672,25.17092514038086,17.195528030395508
120.75977325439453,86.10050964355469,46.61079406738281,39.06212615966797,49.48637771606445,24.6081485748291
56.11494064331055,46.695091247558594,46.99829864501953,35.67304229736328,34.437660217285156,26.181171417236328
77.4261703491211,62.385440826416016,71.75955200195312,49.2227783203125
99.6972427368164,55.69771194458008,31.511537551879883,43.19990921020508,43.19568634033203,14.205102920532227
84.747802734375,40.317108154296875,24.69795036315918,10.28414535522461,8.410055160522461
121.78856658935547,116.97806549072266,76.03067016601562,50.01683044433594,43.33371353149414,19.19173240661621,15.361416816711426
137.67300415039062,101.22651672363281,42.64640808105469,43.26230239868164
114.8080062866211,81.41123962402344,49.71571731567383,48.52650451660156,26.230487823486328
222.07676696777344,162.5293426513672,93.98771667480469,77.6457290649414,69.863037109375,69.38241577148438
67.48969268798828,61.16166305541992,50.78507995605469,29.589279174804688
98.65336608886719,82.6514663696289,50.34499740600586
86.63086700439453,71.87541961669922,61.17567825317383,18.59490394592285,33.76191711425781,21.2154483795166,19.109024047851562,14.591873168945312
72.47272491455078,15.424762725830078
95.09369659423828,53.75111389160156,17.60282325744629,16.93610954284668,15.084585189819336,22.03404998779297,20.768831253051758,16.69672203063965
166.1453399658203,122.34241485595703,93.56876373291016,64.10403442382812,10.196310997009277
92.79468536376953,40.382347106933594
162.4569549560547,115.26231384277344,90.84723663330078,82.12616729736328,35.149532318115234,26.071807861328125,16.618206024169922
121.88406372070312,64.0107421875,48.38632583618164,33.403350830078125
75.41271209716797,70.33428192138672,51.37030029296875,51.17812728881836,35.571102142333984
64.92528533935547,48.50360870361328,41.80712890625,23.004098892211914
67.8917465209961,61.21015167236328,49.954654693603516,26.16162109375,17.60113525390625,20.479900360107422
55.10578536987305,39.70682144165039,47.67450714111328,47.285274505615234,28.55270004272461,15.0872802734375
146.31289672851562,72.00270080566406,34.70685958862305,36.86543655395508,30.619279861450195,23.298479080200195,17.24549674987793,10.46649169921875,13.48936939239502
56.67539978027344,46.972503662109375,48.543556213378906,24.7763729095459
105.768310546875,100.79598999023438,52.58368682861328,55.91035461425781,26.933557510375977,21.972515106201172
73.18738555908203,44.300132751464844,38.035221099853516,15.671509742736816
109.9173355102539,97.393310546875,37.11362075805664,26.44046401977539,17.9222469329834,26.077932357788086,15.42553424835205
112.6707992553711,53.329742431640625,38.311492919921875,27.961589813232422,32.561607360839844,11.662726402282715,15.678071975708008
96.79115295410156,78.3296890258789,43.0793571472168,37.25226974487305,14.852434158325195
75.43603515625,62.224891662597656,48.53623962402344,33.662593841552734,13.29150676727295,23.75926971435547,8.850425720214844,18.651466369628906,13.872097969055176
90.43226623535156,62.087398529052734,32.84237289428711,28.419645309448242,30.274635314941406,20.536643981933594
95.78184509277344,75.63076782226562,35.92122268676758,8.038453102111816,16.796663284301758
70.80889892578125,55.05506134033203,36.154747009277344,34.34451675415039,8.367287635803223
99.3564224243164,42.097450256347656,22.808639526367188,10.117703437805176
73.26065063476562,54.176910400390625,20.19401741027832,27.245298385620117,11.562528610229492,12.68584156036377
134.47927856445312,102.76356506347656,68.39462280273438
87.3360595703125,37.54842758178711,10.184913635253906,29.546205520629883,20.384103775024414
67.95189666748047,60.129913330078125,50.93784713745117,44.313106536865234,28.993724822998047
69.90166473388672,63.039886474609375,47.697853088378906,22.70879554748535,24.391923904418945
55.99732208251953,50.608375549316406,45.381561279296875,27.771163940429688,16.303281784057617
43.888511657714844,23.68880271911621,15.721855163574219,14.941570281982422
160.42794799804688,119.82020568847656,70.0195083618164,47.121604919433594,20.810649871826172
55.62016677856445,58.21383285522461,66.01818084716797,58.92501449584961,56.71062088012695,26.523839950561523
89.87464141845703,69.25331115722656,50.1925048828125,45.12959671020508,36.800025939941406,28.041776657104492,13.074945449829102
135.18873596191406,73.77828979492188,61.1409912109375,48.80504608154297,32.38972473144531
145.7456512451172,29.471466064453125
105.62248992919922,42.135467529296875,64.53987121582031,39.904937744140625,22.2759952545166,17.083532333374023,14.52258586883545
82.53861999511719,62.48231887817383,59.715816497802734,16.82420539855957
83.63264465332031,85.53291320800781,50.12040710449219,54.05929183959961,34.935420989990234,36.26688003540039,15.147733688354492
87.15457153320312,67.12650299072266,46.780296325683594,59.57234191894531,37.485435485839844,26.989124298095703,17.4033260345459
90.55201721191406,54.10976028442383,28.234130859375,25.1279239654541,23.902912139892578,25.13117218017578,12.688974380493164
161.87875366210938,89.77963256835938,40.33624267578125,40.73777389526367,45.23885726928711,29.066911697387695
138.41964721679688,114.25730895996094,94.62506103515625,78.69784545898438
59.6446533203125,57.17168045043945,38.72834396362305,31.825817108154297
71.359375,69.33314514160156,72.22837829589844,55.975624084472656,33.71363830566406,19.725440979003906,21.70635986328125,13.970783233642578
109.51654052734375,76.78873443603516,42.1716194152832,28.198373794555664,12.645589828491211
69.32443237304688,50.880706787109375,31.631717681884766,36.81314468383789,28.40802574157715
125.5372085571289,20.582483291625977
78.00849151611328,46.654659271240234,32.83000564575195,22.615978240966797
121.61973571777344,113.20391845703125,42.183982849121094,30.930612564086914,22.267480850219727
74.49749755859375,70.17078399658203,39.60161590576172,32.06609344482422,28.229249954223633,30.820533752441406,25.850616455078125
88.96085357666016,67.14826965332031,60.57293701171875,52.77598571777344,8.455560684204102
82.55398559570312,55.37913513183594,46.445186614990234,20.790786743164062,14.265235900878906
143.3547821044922,50.45539474487305,88.27967071533203,46.086849212646484,40.149662017822266,9.122154235839844,28.568601608276367
92.41912078857422,60.152748107910156,45.09503936767578,26.68235206604004,12.960010528564453
123.90958404541016,117.7408676147461,79.53448486328125,30.64396858215332,23.123689651489258
61.804786682128906,52.2346305847168,26.6693172454834,19.227508544921875,21.26369857788086,16.259981155395508
51.58406448364258,71.2090072631836,88.53091430664062,21.405452728271484,22.294904708862305,11.126103401184082,14.605378150939941
87.80793762207031,51.601497650146484,43.03588104248047,14.51215934753418,29.774023056030273,20.192670822143555
61.55228042602539,49.9830207824707,53.170501708984375,33.3535270690918,28.316246032714844,28.49808692932129,37.672119140625,10.460829734802246,21.48786163330078
56.40931701660156,41.65141677856445,51.125999450683594,35.04802322387695,11.720120429992676,15.00342845916748
33.66963195800781,29.75962257385254,28.417076110839844,8.037381172180176
97.9404525756836,46.938148498535156,47.1076774597168,42.847354888916016,15.893876075744629
66.33355712890625,72.46202850341797,45.63399124145508,38.680503845214844,21.44852638244629,16.569440841674805
133.85549926757812,117.55146789550781,108.78955841064453,14.184102058410645,15.00715446472168,11.41128158569336
69.39122009277344,25.99311065673828,31.983470916748047
78.676513671875,49.00281524658203,22.80803680419922,18.79219627380371
119.02692413330078,106.63348388671875,70.15727233886719,69.082275390625,21.799455642700195,23.04319190979004,15.567567825317383,19.374740600585938
80.68115997314453,64.84569549560547,44.6679573059082,31.554990768432617,21.770370483398438,25.294281005859375,29.47494888305664
51.462120056152344,26.299192428588867,21.835086822509766,10.871041297912598,33.68096160888672,28.854154586791992
67.70491027832031,51.01759338378906,46.15080261230469,29.59975814819336
92.32390594482422,61.52226638793945,35.247581481933594,26.19013786315918,27.35633087158203
117.9988784790039,108.24855041503906,66.47811126708984,48.850624084472656,31.80642318725586,31.725412368774414,13.729813575744629
95.54399108886719,53.01338577270508,56.665462493896484,9.5297212600708
88.20561218261719,27.41112518310547,30.961763381958008,16.66876792907715,15.8164644241333,9.611577033996582
146.58151245117188,79.83055877685547,59.727848052978516,32.029788970947266,12.404510498046875
140.4029083251953,110.12007904052734,55.412925720214844
84.65098571777344,9.143556594848633,49.0486946105957,34.41757583618164,45.68351745605469,32.6840934753418,26.601823806762695,15.96986198425293,18.542423248291016,19.94432258605957,11.258857727050781
34.469459533691406
193.78213500976562,78.51133728027344,52.65740203857422,30.45368766784668
98.79328155517578,74.87468719482422,51.3466682434082,22.799428939819336,30.697914123535156
52.07731628417969,61.01163864135742,44.6550178527832,34.11324691772461,21.564674377441406,14.341070175170898
79.96739959716797,49.03651809692383,53.171546936035156,28.778512954711914,15.316388130187988
80.22122955322266,46.15068435668945,29.201580047607422,40.249900817871094,29.725095748901367,29.519643783569336,30.308734893798828,30.05838394165039,13.944289207458496
77.75463104248047,61.817230224609375,43.914913177490234,18.9901123046875
50.11781692504883,64.66249084472656,8.41698932647705,32.280006408691406,22.76386070251465,16.41787338256836
114.7336654663086,99.57462310791016,52.93195343017578,39.36857604980469,24.88010025024414,21.850839614868164
75.94111633300781,43.457359313964844,18.685100555419922,24.684627532958984
111.25740814208984,47.56892776489258,23.522192001342773,23.494728088378906,13.310456275939941
85.3153076171875,31.043987274169922,21.847352981567383
109.1881103515625,65.84990692138672,66.61160278320312,9.97119140625,47.47816848754883,38.11814498901367,35.08038330078125,28.2860107421875,23.165088653564453,32.67573928833008,13.978048324584961
68.52021026611328,74.68067169189453,63.670101165771484,36.09270095825195,34.557899475097656,30.112262725830078,20.471567153930664,18.733938217163086
76.07534790039062,86.27981567382812,54.78155517578125
104.9301528930664,49.2641487121582,64.19395446777344,31.704574584960938,34.49262237548828,28.845516204833984,12.418776512145996
220.7126007080078,120.1182632446289,98.26725769042969,51.85572814941406,37.949981689453125,28.025602340698242
99.20319366455078,57.44274139404297,45.36577224731445,22.25363540649414,9.639634132385254
82.05266571044922,53.558040618896484,44.99135971069336,21.98052978515625
142.01124572753906,83.49561309814453,68.44283294677734,54.316680908203125,34.50690841674805,19.401803970336914,8.976466178894043
137.40835571289062,144.2701873779297,53.77304458618164,39.613128662109375,53.79545974731445,38.982383728027344,16.72288703918457
133.8884735107422,90.8767318725586,55.88172149658203,27.961042404174805,28.6060791015625,8.706025123596191,15.496174812316895,17.718982696533203
147.88961791992188,136.9425811767578,47.47696304321289,43.4130859375,44.77103805541992,19.04668426513672
57.56156539916992,52.167057037353516,35.399505615234375,40.18010330200195,37.55485153198242,9.893762588500977
125.03733825683594,52.796119689941406,33.24019241333008,31.86530876159668,23.105051040649414,23.00467300415039
127.64630126953125,113.90864562988281,69.4051513671875,56.7918586730957,35.27183151245117
88.19819641113281,89.02145385742188,16.204084396362305,16.980316162109375
123.06053161621094,27.331588745117188,22.29022216796875
38.73001480102539,37.05537414550781,35.63679122924805,33.424781799316406,20.806367874145508,21.42245864868164
185.08218383789062,139.386962890625,55.79208755493164,57.91965866088867,34.36154556274414,22.630611419677734
77.0017318725586,54.903839111328125,27.178998947143555,26.897525787353516,10.675865173339844
74.48436737060547,60.202266693115234,62.54473114013672,39.6798210144043,30.96526336669922,22.45194435119629,19.578378677368164
74.55540466308594,43.39845657348633,45.27159118652344,38.8061408996582,34.30105972290039,21.098369598388672,16.33594512939453
98.46077728271484,86.19078063964844,38.4688720703125,35.903297424316406,13.371232986450195,11.34509563446045,19.099943161010742
50.437469482421875,44.01496124267578,24.200279235839844,38.704769134521484
30.741615295410156,36.5711669921875,26.097909927368164,13.101091384887695,13.332797050476074
137.97731018066406,82.56139373779297,15.847317695617676,15.14827823638916
64.4294662475586,67.14104461669922,50.46147918701172,38.33920669555664,32.288639068603516,32.187255859375,10.858733177185059
85.45726013183594,52.51405715942383,49.153411865234375,47.50053405761719,17.547012329101562,12.367433547973633,13.989521026611328
66.17485809326172,54.23690414428711,49.25249481201172,15.971843719482422
61.921531677246094,70.00276947021484,42.23545455932617,48.54761505126953,25.031646728515625
66.1644515991211,36.888702392578125,47.778926849365234,17.335477828979492
53.71918869018555,39.24143981933594,47.57680130004883,32.389503479003906
105.98963928222656,60.21238327026367,50.879703521728516,34.721641540527344
111.23978424072266,75.36865997314453,72.30294036865234,64.91204071044922,50.69765090942383,17.20047950744629
142.50369262695312,127.44923400878906,108.1305160522461,114.4688720703125,42.30048370361328
48.02900695800781,53.361812591552734,55.24589157104492,39.14810562133789,30.721393585205078,18.794193267822266,12.724241256713867
99.77098846435547,101.98413848876953,52.51552963256836,21.43930435180664,33.082454681396484,23.852882385253906,22.06767463684082,14.388401985168457
81.23344421386719,84.78375244140625,73.01966857910156,12.496529579162598,10.026365280151367,14.155241012573242
115.58323669433594,58.58221435546875,46.76885223388672,10.788529396057129
179.2255096435547,131.93783569335938,107.32935333251953,55.32545852661133,55.814239501953125,33.3785400390625,8.449235916137695
157.82379150390625,49.48781967163086,37.933815002441406,23.32746696472168
45.18909454345703
102.63565063476562,78.98458099365234,41.64887237548828,25.0811824798584
128.6298370361328,9.726432800292969,21.834394454956055,16.211706161499023,21.587682723999023,28.414749145507812,11.063289642333984,20.84110450744629
70.1462631225586,73.5177001953125,43.56756591796875,27.615535736083984
42.165565490722656,24.813613891601562
106.30677795410156,35.4951286315918
60.92063522338867,70.1810302734375,37.08790588378906,36.48906326293945,27.60537338256836,9.818914413452148
58.667640686035156,73.8352279663086,54.91214370727539,46.322044372558594,14.488637924194336,17.633129119873047,17.5065975189209
61.56879806518555,59.419429779052734,16.70973777770996
55.44061279296875,40.054969787597656,35.042049407958984,18.58526611328125,17.04216957092285
101.03154754638672,62.84988784790039,60.21434020996094,33.32245635986328,27.66469955444336
96.61026763916016,85.72777557373047,99.09236145019531,26.29847526550293,16.072921752929688
137.12193298339844,89.092529296875,90.49308776855469,105.39860534667969,24.81615447998047,29.59282875061035,14.402119636535645,11.294964790344238
53.28703308105469,48.22088623046875,48.97385025024414,22.14887237548828,20.754426956176758,19.243629455566406
85.80048370361328,64.44309997558594,33.754329681396484,21.48002052307129,11.9547758102417
52.552154541015625,50.26854705810547,64.85298919677734,39.89331817626953,47.10404586791992,37.30512619018555,30.495718002319336,15.681416511535645
105.9770736694336,65.53763580322266,42.37397003173828,34.68354034423828,27.851985931396484
107.9141845703125,84.19869232177734,56.11972427368164,35.67172622680664,55.17574691772461,14.965685844421387,15.090721130371094
107.6871566772461,31.737972259521484,33.65947723388672,19.614404678344727,24.17570686340332
126.78350830078125,112.08773040771484,84.26520538330078,51.00341033935547,48.63124084472656,26.132938385009766,19.28352165222168
33.059139251708984,29.193092346191406,31.39640998840332,20.08961296081543
73.39952087402344,40.73984146118164,20.09454345703125,14.15738296508789
235.20066833496094,218.94639587402344,141.9072265625,57.04822540283203,55.0887565612793,18.002681732177734,16.435401916503906
318.1070556640625,257.1468505859375,53.74782180786133,56.64588928222656,29.87970542907715,23.686866760253906
75.46806335449219,77.96285247802734,16.480131149291992
145.51893615722656,42.22744369506836,68.71827697753906,53.377037048339844,24.348257064819336,35.95074462890625,26.079090118408203,15.368617057800293
32.132041931152344,30.993762969970703,30.967500686645508,23.44228744506836,19.54977798461914,18.540807723999023,13.993985176086426,18.447317123413086,12.259054183959961
64.3556900024414,45.48771667480469,50.254417419433594,40.74135208129883,20.755571365356445
104.4556884765625,107.23904418945312,95.52622985839844,30.453968048095703,38.25906753540039,26.817670822143555,10.098795890808105
70.84263610839844,65.86747741699219,31.525074005126953,31.866226196289062,30.934499740600586,23.877395629882812
97.79193115234375,85.96895599365234,62.185302734375,56.855125427246094,34.9014778137207,24.888832092285156
52.83314895629883,55.181922912597656,34.98370361328125,14.468450546264648,28.218425750732422,21.634870529174805
280.13458251953125,140.89222717285156,114.83621215820312,75.44862365722656,38.782779693603516,35.86308670043945,14.817407608032227
102.162109375,49.94416046142578,26.068706512451172,16.912080764770508
67.48819732666016,10.195175170898438,29.483835220336914,34.539588928222656
46.65070343017578,50.30747604370117,23.501306533813477,25.617767333984375
181.72630310058594,138.04275512695312,85.55436706542969,81.66485595703125,16.205720901489258,34.683536529541016
85.30709075927734,85.2111587524414,50.29763412475586,23.472028732299805,32.108341217041016,36.40312194824219,14.683870315551758
108.19233703613281,82.66172790527344,59.76422882080078,25.093528747558594,13.51380729675293,19.880130767822266
89.6417007446289,74.02827453613281,74.43238067626953,57.922874450683594,23.905941009521484,13.41736888885498
87.17839813232422,77.9465560913086,60.561641693115234,38.95915603637695,25.896453857421875,29.898242950439453,26.704978942871094,19.836515426635742,23.081384658813477
114.2703628540039,64.62674713134766,63.30663299560547,27.826841354370117,9.982292175292969,10.273648262023926
40.15224075317383,62.652374267578125,47.4730110168457,41.91764450073242,29.5581111907959,12.929426193237305,24.02831268310547,16.216886520385742
153.9319610595703,142.27044677734375,34.40668487548828,25.31698226928711,38.31117248535156,34.67829513549805
79.79977416992188,86.87010955810547,55.13086700439453,58.85277557373047,19.600767135620117,26.112524032592773,30.031978607177734,28.374923706054688,9.611495018005371
59.851890563964844,61.89348602294922,40.789451599121094,34.12532424926758,17.475425720214844,18.059947967529297,27.331830978393555,17.22789764404297,27.69698715209961,20.443696975708008,14.48990249633789
122.807373046875,104.93492889404297,46.97285842895508,45.45177459716797,23.374181747436523,18.17317771911621,23.589805603027344,26.627723693847656
59.93238067626953,57.04157257080078,46.22160339355469,39.45711135864258,35.12361145019531,23.657583236694336,19.482946395874023,16.429412841796875
123.20282745361328,83.56536865234375,44.921756744384766,38.65726852416992,33.15773391723633,16.533916473388672
130.9842987060547,88.09534454345703,28.927413940429688,11.12923526763916,23.162900924682617,16.42874526977539
119.50135803222656,146.12355041503906,30.30180549621582
40.453155517578125,35.90166091918945,46.96030807495117
116.26652526855469,61.00712203979492,59.18425369262695,30.78162956237793
92.92860412597656,80.96881103515625,61.56550598144531,48.74639892578125,21.161678314208984,26.347124099731445,22.90228271484375,17.210437774658203,23.363718032836914
96.27587890625,66.02072143554688,85.52204895019531,47.12882995605469
168.57713317871094,139.33013916015625,31.00480079650879,35.26680374145508,45.387474060058594,17.368797302246094,11.329463958740234,15.88338851928711
49.94157791137695,36.9884147644043,45.24013137817383,49.53603744506836,24.11557388305664,21.625280380249023
107.07347869873047,62.749942779541016,35.06932067871094,31.422636032104492,36.68328094482422,31.635578155517578,18.927030563354492
110.84037017822266,99.42057800292969,29.575410842895508,18.798667907714844,8.372330665588379,25.76185417175293,16.642803192138672,8.766935348510742,19.321252822875977
57.70367431640625,50.308563232421875,34.91217041015625,31.192378997802734,12.995375633239746,36.81804275512695,9.539527893066406
80.18244934082031,59.06005859375,38.689456939697266,26.53887939453125
144.5108642578125,106.539306640625,55.52274703979492,40.423789978027344,29.791446685791016,25.282913208007812
59.81707763671875,42.091854095458984,34.972625732421875,26.25380516052246,18.339752197265625,18.595327377319336
93.58868408203125,81.6494369506836,61.43769836425781,41.050540924072266,35.65642166137695,8.484213829040527
88.02552795410156,74.68646240234375,44.33683776855469,33.96422576904297,32.74874496459961,21.312423706054688,9.82308292388916,10.70923137664795
159.51998901367188,130.71917724609375,104.53382110595703,78.66535949707031,52.86992645263672,54.92868423461914,16.37198829650879,14.17905330657959
85.41314697265625,59.02286148071289,42.08867645263672
116.28173065185547,99.88130950927734,20.71082878112793,21.005966186523438
156.6056671142578,66.23096466064453,52.316078186035156,30.90079689025879,41.38104248046875,10.367539405822754,17.592967987060547
98.26940155029297,54.17214584350586,36.15448760986328,23.178199768066406,28.88055419921875,10.057426452636719,22.048429489135742,9.886303901672363
96.94288635253906,65.28943634033203,68.23920440673828,70.2418212890625,27.135005950927734,34.13866424560547,22.565818786621094,9.985126495361328
159.70445251464844,65.5773696899414,71.20710754394531,78.24575805664062,8.412555694580078
105.70784759521484,75.38595581054688,58.541343688964844,46.19053268432617,28.223697662353516,13.672856330871582,13.529056549072266,9.330957412719727
41.72086715698242,36.91590881347656,26.46263313293457,32.71183395385742,17.47730255126953,9.999621391296387,12.031598091125488
84.89916229248047,38.83418655395508,11.03671646118164,15.269134521484375
47.356712341308594,40.49026870727539,26.374786376953125
74.6173095703125,19.968990325927734,30.081161499023438,23.974822998046875
67.44253540039062,57.17445373535156,61.44477081298828,44.41874313354492,30.080629348754883,20.82891845703125
82.75692749023438,35.60199737548828,33.77419662475586,33.5849494934082,13.840812683105469,22.64108657836914
67.11373901367188,67.53653717041016,37.29116439819336
79.88129425048828,86.25593566894531,46.322959899902344,55.79628372192383,57.239444732666016,28.400373458862305,13.14084243774414
98.68228149414062,48.942047119140625,29.992189407348633,25.04766845703125
69.6684341430664,78.33267211914062,45.9480094909668,22.376590728759766,31.422012329101562,23.81273078918457,21.92852210998535,14.60749340057373
91.47489166259766,42.822044372558594,41.107154846191406,19.253704071044922
70.59786987304688,63.83220291137695,44.911346435546875,34.99345016479492,25.45532989501953,35.43583297729492,24.362974166870117
54.42548751831055,76.92390441894531,40.182743072509766,25.67357635498047,26.127769470214844,26.490785598754883,21.5661678314209
107.63671112060547,73.82971954345703,24.898456573486328,14.833940505981445,22.08876609802246
142.35748291015625,121.84416198730469,78.1083755493164,92.78638458251953,46.24504089355469,39.557037353515625,41.72244644165039,16.870153427124023
88.28148651123047,73.4117660522461,63.995460510253906,68.17456817626953,17.07465934753418,9.206052780151367,27.890480041503906,19.187469482421875
72.00374603271484,48.791873931884766,54.502464294433594,29.609554290771484,23.84678840637207
70.37262725830078,39.314327239990234,21.035900115966797,17.68344497680664
184.6276092529297,127.88593292236328,12.334206581115723
65.8346939086914,68.19286346435547,42.918724060058594,46.85220718383789,16.71704864501953,25.7393798828125
98.32231903076172,77.8447494506836,63.621578216552734,47.53996276855469,37.14849090576172,26.954795837402344
100.01246643066406,87.06625366210938,97.56122589111328,21.645435333251953,14.535835266113281,14.20782470703125,22.856382369995117
98.6103515625,24.6481990814209,14.993928909301758
56.83535385131836,50.80397415161133,29.230405807495117,20.598073959350586,16.765121459960938
87.37892150878906,60.0586051940918,58.943477630615234,21.25558090209961,15.729716300964355
131.1913604736328,70.2977523803711,46.14350128173828,40.52592086791992,30.401525497436523
113.36083984375,91.15848541259766,47.09236145019531,35.969200134277344
210.35250854492188,121.24475860595703,89.5036849975586,66.93019104003906,40.1126594543457,22.509204864501953,15.8153076171875
57.95137405395508,53.162227630615234,12.768239974975586
156.11376953125,132.11932373046875,35.0911865234375
118.90196990966797,31.370756149291992,8.750162124633789,39.54767990112305,17.015830993652344
215.16514587402344,148.7501983642578,50.32819366455078,39.59259033203125,24.162683486938477,17.919300079345703,15.295248031616211
61.92965316772461,45.144630432128906,44.36994171142578,46.20266342163086,23.87636375427246,14.258024215698242
70.48130798339844,56.29371643066406,29.346872329711914,22.751447677612305
442.5569763183594,44.26681137084961,34.42158126831055,42.45394515991211,22.508346557617188,21.90750503540039,17.328901290893555,22.430858612060547
69.06055450439453,41.18857955932617,32.87592315673828,43.081886291503906,13.065841674804688,12.91639518737793
43.24528121948242,25.734512329101562,36.96239471435547,29.04871368408203,21.74207305908203,11.119065284729004
64.24605560302734,45.3616828918457,65.49515533447266,48.5688591003418,57.73227310180664,9.811899185180664,37.5343132019043,30.431961059570312,11.504579544067383
53.814971923828125,48.1240348815918,49.58942413330078,43.82841110229492,32.19981384277344,17.840871810913086,14.928559303283691
91.45542907714844,42.56285095214844,42.00667953491211,19.5286865234375,16.956802368164062,9.507255554199219
125.92044830322266,96.11905670166016,67.09667205810547,17.821332931518555
119.40306854248047,111.0299072265625,27.01880645751953
86.50489807128906,100.39669036865234,95.37950134277344,59.21320343017578,16.902982711791992,9.981459617614746
81.46937561035156,72.1258316040039,77.11135864257812,30.2165584564209
79.43292999267578,69.2595443725586,25.34105110168457,12.415155410766602
413.78399658203125,335.67974853515625,227.85385131835938,25.381450653076172
59.46347427368164,36.47295379638672,47.83835983276367,22.66750144958496
76.9107666015625,65.1958236694336,46.65622329711914,43.74819564819336,27.949249267578125
95.34466552734375,62.707489013671875,19.08519744873047,17.40347671508789,12.132740020751953
102.80342102050781,74.9384994506836,30.872365951538086,19.227697372436523
64.76885223388672,50.116065979003906,54.50276565551758,20.40410804748535,24.66798973083496,16.870864868164062,15.774218559265137
66.56986999511719,63.55440139770508,53.84550094604492,40.329742431640625,46.9206428527832,23.49387550354004,20.95746421813965
118.06723022460938,93.71542358398438,78.83077239990234,58.26927185058594,50.71959686279297
61.44641876220703,70.70635223388672,41.8974723815918,30.043344497680664,25.318355560302734,13.718487739562988,29.93208885192871,12.243768692016602
78.72315979003906,65.44609069824219,34.16069030761719,27.297334671020508,10.176474571228027
88.54832458496094,113.31595611572266,27.632938385009766,25.87949562072754,33.10026550292969,20.358022689819336
102.1591796875,66.1533203125,41.13239288330078,40.91650390625,43.51579284667969,18.119945526123047,12.888420104980469
148.069091796875,74.34786987304688,58.4615592956543,28.144533157348633,21.33310890197754
116.10423278808594,54.96962356567383,72.14134979248047,45.14140701293945,38.112152099609375,23.7205867767334,25.905136108398438,13.77161693572998,14.079561233520508
67.84664916992188,71.058837890625,66.14647674560547,22.674787521362305,10.821155548095703,13.003467559814453
54.43539810180664,49.25362014770508,35.466915130615234,18.756906509399414,25.878883361816406
78.7410888671875,35.40992736816406,46.00304412841797,36.47760009765625,17.52947998046875,13.744857788085938,16.791078567504883
64.09671020507812,94.50416564941406,69.27129364013672,52.78218460083008,21.047985076904297,9.96881103515625
51.25969696044922,18.529611587524414,20.312807083129883,12.304845809936523,20.549684524536133
78.26942443847656,47.97710418701172,14.534255981445312
52.0352783203125,66.64061737060547,33.87322998046875,49.408653259277344,49.52674102783203,40.13838195800781,18.406694412231445,14.967982292175293
63.78067398071289,47.288902282714844,57.643253326416016,23.235830307006836
171.16566467285156,73.29727172851562,77.95525360107422,59.72563552856445,25.688993453979492
72.99584197998047,56.14358139038086,58.37770462036133,36.44865798950195,26.73382568359375,20.574186325073242
66.85145568847656,56.286869049072266,46.103050231933594,46.14284896850586,32.469120025634766,34.034149169921875
91.57189178466797,71.71880340576172,45.14027786254883,15.982789993286133,16.052879333496094
61.8609733581543,44.69403076171875,41.710147857666016,15.36660099029541
143.79005432128906,89.42323303222656,94.1045150756836,66.66984558105469,19.10349464416504
45.309295654296875,51.43250274658203,22.283037185668945
91.8847885131836,119.9021224975586,51.19342803955078,31.21167755126953
409.0497741699219,264.71417236328125,293.9109191894531,190.6467742919922,70.59461975097656,23.838552474975586
66.72203063964844,78.08549499511719,48.47541046142578,14.462811470031738,13.167444229125977
76.54833221435547,39.58631134033203,41.08005905151367,41.805477142333984,19.028907775878906,36.552696228027344,25.448345184326172,34.374725341796875
75.23004913330078,43.39613723754883,36.358951568603516,43.58803939819336
43.13433074951172,44.82099533081055,37.91435241699219,27.856937408447266,15.289779663085938
41.8720817565918,54.609947204589844,39.66778564453125,28.628864288330078,18.267396926879883,22.40750503540039,17.187589645385742
101.38822937011719,42.94239807128906,44.8803825378418,47.253997802734375,36.83259201049805,27.49042510986328,9.952075958251953,12.026986122131348
132.23297119140625,102.21807098388672,45.7905387878418,43.93490982055664,43.5396842956543,29.268211364746094
160.24159240722656,130.33978271484375,103.0313491821289,113.54116821289062,22.55799102783203
77.96199798583984,65.4304428100586,66.43153381347656,21.74614143371582,21.980764389038086
72.70582580566406,43.58131408691406,41.80054473876953,21.506084442138672,21.12200355529785,8.160940170288086,10.699634552001953
125.96260070800781,39.4097900390625,29.213285446166992
90.82500457763672,66.47550201416016,50.1317253112793,15.22238826751709
85.61972045898438,62.73503494262695,43.65729522705078,18.794971466064453,27.692949295043945,19.799840927124023
73.21766662597656,78.89183807373047,50.51850128173828,37.32231140136719,35.40884017944336,25.68198013305664,15.36248779296875
72.73014068603516,28.352231979370117,27.140287399291992,31.68423843383789,24.477319717407227
90.8376693725586,80.45011138916016,46.878173828125,41.117122650146484,29.802749633789062,14.229700088500977
151.94407653808594,88.79537963867188,87.47891235351562,75.49325561523438,70.97135925292969
92.64813232421875,85.17292022705078,67.14256286621094,36.79680252075195,37.34623336791992,18.95371437072754,22.804859161376953,24.39397621154785
66.82613372802734,46.02098083496094,33.67279052734375,43.41194534301758
79.30218505859375,43.775367736816406,39.8532829284668,19.619667053222656,20.842063903808594
91.55741119384766,72.60148620605469,26.887022018432617,24.620153427124023,21.093379974365234
97.37680053710938,78.55121612548828,62.23764419555664,52.86826705932617,40.67954635620117,33.3231201171875
98.59980773925781,51.12605667114258,39.01405334472656,33.77372360229492
90.60227966308594,44.772705078125,31.279308319091797,12.313477516174316,18.8346004486084
39.7900505065918,15.172442436218262,31.207246780395508,24.930906295776367,24.941999435424805
74.85037231445312,61.56226348876953,55.667564392089844,32.01769256591797,22.40283203125
74.59710693359375,52.351219177246094,33.5391960144043,27.5196533203125,23.749202728271484,28.480030059814453
68.8585205078125,54.89250946044922,42.8446159362793,33.96596145629883,23.067895889282227,19.63384246826172,20.191572189331055
128.49057006835938,54.2525520324707,33.76692199707031,14.536012649536133,15.103073120117188
29.93131446838379,22.838809967041016
51.21585464477539,43.41286849975586,28.46660614013672,20.014942169189453
93.44434356689453,50.59270095825195,58.53804397583008,30.84082794189453,19.3221378326416,20.82855224609375,23.95667266845703
75.40223693847656,66.87763977050781,74.81192016601562,64.04048156738281,32.26627731323242,44.42743682861328,28.61406707763672,13.060892105102539
84.23221588134766,61.04147720336914,47.76279830932617,37.528656005859375,31.47768783569336,34.05704879760742,23.704341888427734,15.961424827575684
117.61807250976562,20.512144088745117,52.019309997558594,46.392730712890625,41.57392120361328,31.3182373046875,28.735828399658203,19.700244903564453
98.9375228881836,91.61241149902344,35.00246810913086,26.23772621154785,21.901777267456055,15.8046293258667
92.6444320678711,41.9537467956543,33.58322525024414,23.715320587158203,30.03093719482422,21.157461166381836,18.337974548339844
172.4042510986328,70.29002380371094,58.739959716796875,57.23084259033203,35.7286491394043,28.993867874145508
66.83354949951172,76.43318939208984,29.5877628326416,15.875996589660645
81.28104400634766,77.38074493408203,49.395660400390625,54.7772216796875,11.020895957946777,26.653377532958984
123.12937927246094,91.48616027832031,57.64794158935547,20.990842819213867
155.2108612060547,86.55496215820312,26.686080932617188,16.561038970947266
154.24627685546875,49.692909240722656,54.212242126464844,26.02820587158203,10.765460014343262
56.310203552246094,56.771690368652344,34.07365417480469,35.647071838378906,19.494216918945312
53.38215255737305,18.720935821533203,27.26807403564453
49.90583038330078,19.179410934448242,18.13610076904297
154.54541015625,124.7121353149414,87.75530242919922,16.496614456176758,20.193954467773438,28.092191696166992
69.34478759765625,56.28901672363281,50.17448806762695,45.673828125,37.77297592163086,23.67788314819336
97.0696029663086,84.68114471435547,25.742691040039062,24.27936553955078
31.444499969482422,38.84801483154297,36.625091552734375,20.816781997680664,13.472431182861328
109.32440185546875,87.07524108886719,55.39200210571289,53.26999282836914,28.970457077026367
182.5398712158203,188.61251831054688,103.98892211914062,57.955291748046875,60.65660095214844,25.377395629882812,23.674787521362305
102.57505798339844,86.6752700805664,36.02730178833008,39.14849853515625,9.962089538574219,11.640924453735352
73.63805389404297,47.6480712890625,65.88133239746094,49.030433654785156,42.37419891357422,14.5206298828125,17.46596908569336
63.392337799072266,53.559085845947266,36.96262741088867,28.122705459594727
78.82721710205078,71.53435516357422,42.95139694213867,18.471195220947266,16.685266494750977,25.245859146118164
219.2034912109375,141.80343627929688,43.2930908203125
173.75704956054688,60.028900146484375,34.78569412231445,39.97650909423828,34.81290817260742
118.06470489501953,81.19717407226562,30.40279197692871,22.00267791748047,8.654013633728027,16.525297164916992
64.78927612304688,64.52086639404297,51.41109085083008,53.62741470336914,29.25895881652832,26.368236541748047,14.117290496826172
62.641815185546875,48.85820770263672,47.37336349487305,47.376399993896484,20.770538330078125,12.921345710754395,15.089848518371582
56.23695373535156,61.54658126831055,32.19375991821289,27.836475372314453,29.64856719970703,19.364084243774414,21.431760787963867,30.330787658691406
71.075439453125,61.709938049316406,40.874263763427734,30.764745712280273,35.91010284423828
60.95631408691406,41.1729736328125,32.045711517333984,30.68126106262207,24.0838623046875,30.445993423461914
86.16203308105469,52.821895599365234,40.06339645385742,21.226594924926758,23.262447357177734,18.156036376953125
70.9524154663086,58.4005012512207,43.1515007019043,25.942256927490234,35.03697204589844,20.212488174438477
56.289127349853516,30.106897354125977,20.983150482177734
80.87801361083984,53.855831146240234,44.1162223815918,26.477827072143555,32.43482208251953,24.142879486083984,12.663810729980469
71.8598861694336,50.47224044799805,60.52418518066406,42.99245834350586,30.30414581298828,23.61821746826172
175.88040161132812,124.64107513427734
70.81217193603516,57.93256378173828,30.977502822875977,24.510799407958984,8.469461441040039
161.63760375976562,120.6788558959961,67.9890365600586,80.43003845214844,48.65199279785156,40.33119201660156
195.1879119873047,159.8719482421875,85.44290161132812,40.63806915283203,29.898488998413086,22.073848724365234,10.19478988647461
121.02022552490234,82.51006317138672,49.284584045410156,31.847707748413086,23.56268882751465,22.265777587890625,17.295978546142578
95.12651824951172,80.63966369628906,25.993755340576172,25.688749313354492,16.249286651611328
44.33104705810547,38.476959228515625,9.879061698913574,16.34393310546875,12.102920532226562,11.23969841003418
71.98973846435547,63.365413665771484,53.494754791259766,27.162805557250977,25.665206909179688,27.75255584716797
92.86991119384766,76.3647232055664,46.350616455078125,25.97441291809082,24.130481719970703
48.521724700927734,35.42218780517578
55.04248809814453,64.5218505859375,32.56978988647461,39.355445861816406,10.061901092529297
82.88140106201172,78.0490951538086,69.10505676269531,27.229949951171875,18.545446395874023
102.5841064453125,94.6424789428711,84.985107421875,16.601551055908203
127.47715759277344,59.179161071777344,37.16523361206055,26.090229034423828,27.172359466552734
90.45602416992188,45.38933181762695,19.270008087158203,17.59566307067871,15.890950202941895
301.46478271484375,191.27696228027344,126.60218048095703,48.70444107055664
195.70175170898438,129.25698852539062,98.26176452636719,55.50355911254883,59.121116638183594,43.56712341308594
65.57738494873047,46.541141510009766,41.05027389526367,28.445343017578125,21.056629180908203
67.6220703125,56.92635726928711,30.532676696777344,19.885740280151367,47.14064407348633,27.300464630126953
111.42445373535156,88.64171600341797,67.95433044433594,70.46585845947266,58.70366287231445,45.71697235107422,21.17635154724121
49.09556579589844,37.80245590209961,21.061826705932617,31.822084426879883
42.70351028442383,42.87006759643555
50.081851959228516,64.09947967529297,56.70644760131836,45.59528350830078
120.66658782958984,84.09809112548828,48.47134017944336,29.6138858795166,56.06248474121094
107.45269012451172,94.6734390258789,70.65299224853516,49.77433395385742,34.413673400878906,20.583045959472656,15.424120903015137,13.697049140930176,12.141898155212402
99.20375061035156,39.79570388793945,18.880441665649414
106.85704040527344,35.4019660949707,33.27411651611328,17.830408096313477,13.05970573425293
86.9928970336914,64.79624938964844,56.21246337890625,31.968706130981445,15.780265808105469
79.3897933959961,51.243595123291016,26.432546615600586,10.14810562133789,8.025002479553223,9.318916320800781,18.53217315673828
94.5936050415039,79.72840881347656,33.10086441040039,43.668521881103516,45.53201675415039,24.206308364868164,8.717692375183105
88.96408081054688,52.512569427490234,45.53411102294922,50.15957260131836,15.403759956359863,25.380922317504883
104.04229736328125,71.0947036743164,44.6881217956543,20.24935531616211,24.005104064941406
151.46246337890625,81.8927001953125,60.22905349731445,47.17267608642578,27.041425704956055,11.076224327087402,24.753494262695312
76.93505096435547,60.32427978515625,31.127365112304688,25.994285583496094
114.47859191894531,86.89250946044922,70.2699203491211,53.165428161621094,57.90635299682617,18.245424270629883,16.180442810058594
65.29415893554688,71.85562133789062,54.70323944091797,30.097496032714844,25.37071990966797,15.019952774047852
83.40922546386719,85.27787780761719,72.81024932861328,54.66617202758789,31.932533264160156,26.423473358154297
97.66191864013672,84.88249969482422,32.90170669555664,26.95630645751953,25.269325256347656
84.70989227294922,58.901832580566406,27.247831344604492
175.09071350097656
68.189208984375,65.33580780029297,37.97114181518555,26.74505043029785,16.447509765625
56.971717834472656,52.888423919677734,51.65821838378906,29.427324295043945,26.48354148864746,18.986473083496094,17.35439109802246
93.42527770996094,50.61793518066406,46.07662582397461,26.64505958557129,16.577884674072266
104.25572967529297,12.306632995605469,8.3087797164917
96.70281219482422,44.498985290527344,53.30438232421875,38.7588005065918,8.308484077453613,17.1320743560791
143.57516479492188,62.07577896118164,20.081268310546875,20.482620239257812,13.217049598693848
100.5397720336914,72.49983978271484,60.084938049316406,48.26445007324219,55.64516067504883
55.40720748901367,37.75231170654297,17.137598037719727,14.5203857421875,15.602522850036621,18.753337860107422
99.89614868164062,59.52789306640625,47.76953125,53.258853912353516,35.464725494384766,28.79130744934082
106.50826263427734,69.34323120117188,26.76929473876953,15.380311012268066
87.9175033569336,55.57182693481445,39.2632942199707,23.199586868286133
48.18745803833008,48.00858688354492,53.486106872558594,19.906429290771484,21.879079818725586
73.75186157226562,57.60603332519531,57.97870635986328,28.83563995361328,36.72846221923828,51.14277648925781
95.32931518554688,96.93684387207031,67.95669555664062,53.161380767822266,36.182289123535156
122.05013275146484,63.13859176635742,39.3469352722168,29.513914108276367
91.7081298828125,48.67961883544922,50.01180648803711,57.773353576660156,20.844554901123047,15.015520095825195,9.957268714904785
119.97003936767578,114.6834487915039,72.13838195800781,25.789941787719727,44.98903274536133,32.81729507446289,26.353445053100586,23.965373992919922,14.695575714111328
44.9324836730957,28.83186149597168,24.648466110229492,13.529403686523438
78.23590850830078,84.21402740478516,58.24850845336914,27.309480667114258,21.511756896972656,17.68120002746582,14.596456527709961
72.59195709228516,52.54157638549805,30.350427627563477
61.32223129272461,45.720008850097656,61.910606384277344,27.75835418701172,20.35677146911621,21.120384216308594,21.681909561157227,20.365083694458008
66.4023666381836,55.89183044433594,54.48825454711914,21.638072967529297,37.75537109375,27.467674255371094,15.232220649719238
83.1146011352539,56.737247467041016,40.30128860473633,32.94353103637695,20.73829460144043,27.73120880126953
76.39129638671875,43.0933723449707,37.79938507080078,17.549701690673828
70.06861877441406,83.14241790771484,50.032588958740234
100.25846099853516,79.24845123291016,79.31501007080078,68.48662567138672,32.037620544433594,14.724318504333496
110.2151870727539,88.45584869384766,71.70671081542969,52.71555709838867,25.71091651916504,17.942781448364258
113.39042663574219,89.40499877929688,84.8270263671875,74.36371612548828,83.11833190917969,47.26487731933594,42.54905319213867,33.620384216308594,8.859450340270996,13.92636489868164
102.15713500976562,74.86797332763672,35.28917694091797
85.38872528076172,34.91427230834961,35.50184631347656,21.173709869384766,16.511634826660156
83.47456359863281,80.52613830566406,64.14618682861328,43.67139434814453,38.65739059448242
35.45746612548828,44.8670539855957,32.8206901550293,19.017831802368164,29.0809268951416,26.35989761352539,21.787822723388672,8.352288246154785
66.1193618774414,61.66963577270508,56.29592514038086,60.457374572753906,33.336219787597656
140.16229248046875,126.78068542480469,46.584774017333984,23.961206436157227,20.27932357788086,11.346517562866211,19.77754783630371
63.266273498535156,68.74052429199219,55.07542419433594,44.4451904296875,13.603140830993652
60.09785461425781,51.344085693359375,17.637954711914062,11.546184539794922
63.54444885253906,70.27052307128906,30.225658416748047,20.43151092529297
96.03199768066406,84.233642578125,55.03396224975586,37.09163284301758,10.989900588989258
70.53553771972656,46.400699615478516,24.47719383239746,20.161746978759766
80.9632568359375,31.052852630615234,20.253297805786133,22.01687240600586,13.412186622619629
57.90943908691406,60.909358978271484,55.89963150024414,44.714805603027344,27.71075439453125,29.11764907836914
61.027774810791016,31.065799713134766
120.73482513427734,118.2175521850586,76.76997375488281,33.20293426513672,8.820745468139648,11.555244445800781,13.787700653076172
93.7112045288086,41.79137420654297,18.926713943481445,38.33743667602539,12.124405860900879,19.06659507751465,9.09040641784668
133.98574829101562,97.61502838134766,61.0976676940918,37.83945846557617,27.912328720092773,11.563848495483398
97.40251922607422,74.83309936523438,56.60041046142578,30.577617645263672,14.99242877960205
84.96006774902344,86.59635925292969,50.02347946166992,38.1527099609375,23.45612907409668
33.6318359375,66.63842010498047,60.882076263427734,48.69309997558594,30.655115127563477,13.493136405944824
74.33432006835938,95.24794006347656,57.28909683227539,43.43549728393555
71.64318084716797,62.79386901855469,45.269248962402344,18.0371036529541,16.555801391601562
70.57548522949219,62.16156768798828,47.706031799316406
84.4664306640625,48.3153076171875,43.357398986816406,37.09115982055664,36.206260681152344,22.82912826538086,16.391643524169922
68.14418029785156,52.2241325378418,29.4066104888916,27.29417610168457,27.09917449951172,16.348533630371094
58.33531188964844,57.55369186401367,39.457576751708984,33.42543411254883,26.114572525024414,14.581088066101074
74.26776885986328,54.228702545166016,37.94152069091797,37.55649948120117,21.006103515625,27.559825897216797,11.206151008605957
100.88760375976562,98.73121643066406,65.0458755493164,29.050302505493164,35.01840591430664,27.172361373901367,15.997190475463867,10.099405288696289
84.70497131347656,87.5400619506836,66.8929672241211,55.7209587097168,25.708229064941406,16.659387588500977,22.064205169677734,8.63703727722168,12.42013931274414,21.14262580871582
63.14275360107422,64.74791717529297,50.82375717163086,27.973773956298828,33.25090026855469,24.98050308227539,25.02573585510254,17.810283660888672,13.976306915283203
128.21463012695312,83.40377044677734,96.40897369384766,56.0230827331543,56.72427749633789,18.937082290649414,18.786088943481445
104.07795715332031,17.569095611572266,15.35300064086914
124.16036987304688,57.267269134521484,53.297828674316406,11.684555053710938,31.345884323120117,23.081689834594727,14.060731887817383
79.48212432861328,20.95356559753418
120.88825225830078,124.54170989990234,14.840839385986328
101.75362396240234,86.623779296875,93.52857971191406,86.39771270751953,20.52448844909668,22.956363677978516,8.915790557861328
181.5493621826172,33.02603530883789,9.930866241455078,10.895466804504395
106.85935974121094,60.892967224121094,26.009357452392578
104.44853210449219,71.5678482055664,67.8416748046875,55.05576705932617,29.476152420043945,14.932258605957031
144.9813232421875,80.90816497802734
100.45648193359375,63.274600982666016,45.32900619506836,28.112770080566406,21.20488166809082,10.733457565307617
52.04520034790039,48.584197998046875,42.45869064331055,23.363874435424805,16.84830093383789,24.343669891357422
152.5596160888672,83.61447143554688,73.19509887695312
85.29042053222656,84.0219955444336,60.117431640625,53.61116409301758,21.102758407592773,21.240541458129883,23.236392974853516
89.92615509033203,8.22525405883789,33.218441009521484
61.22102355957031,29.216800689697266,14.795858383178711
95.16790008544922,83.31062316894531,92.050537109375,34.3322868347168,35.60301208496094,35.33804702758789
80.70548248291016,72.30754089355469,19.152137756347656,53.982086181640625
100.0414047241211,48.38290786743164,60.02593994140625,22.382719039916992,24.358234405517578
122.88375091552734,76.67109680175781,88.8302001953125,55.859954833984375,26.997507095336914,23.31591033935547,20.78911781311035,18.528444290161133,15.531292915344238
120.38998413085938,84.93574523925781,60.22555160522461,48.310665130615234,22.169513702392578
79.60514068603516,64.19599151611328,56.928951263427734,43.5883903503418,17.29652976989746,17.931440353393555
100.1092529296875,80.14481353759766,53.828697204589844,53.16038131713867,28.14419174194336,28.374996185302734
79.48114776611328,60.80863952636719,26.803537368774414,28.718482971191406
82.85906219482422,26.116458892822266,20.771421432495117,22.162986755371094
60.807395935058594,74.06428527832031,33.18168258666992
109.37300109863281,107.18850708007812,57.62619400024414,80.50298309326172,13.046109199523926
77.44222259521484,31.33148193359375,62.0311164855957,69.45442962646484,31.630409240722656,15.813304901123047,19.236957550048828
71.27899169921875,51.779727935791016,57.137786865234375,40.29090118408203,30.277711868286133,13.128291130065918,9.215139389038086
143.4638671875,101.95755004882812,56.39015579223633,47.73298645019531,22.638256072998047,23.94304656982422
29.818065643310547,12.522359848022461,19.149660110473633
74.96202850341797,70.40382385253906,18.168106079101562,48.43220138549805,38.48044204711914,37.61339569091797,20.328874588012695
88.4855728149414,29.983348846435547,31.357948303222656,20.464920043945312,16.084056854248047,14.188972473144531,16.094459533691406
78.2899169921875,87.25861358642578,22.574581146240234,9.85796070098877
73.47145080566406,88.2237319946289,76.31320190429688,30.147687911987305,13.307528495788574,26.147918701171875,14.980307579040527
93.1528091430664,55.599037170410156,26.386951446533203
22.648733139038086,38.75587463378906,38.35458755493164,33.85853958129883,33.644920349121094,22.20139503479004,19.106054306030273,9.970539093017578
65.39250946044922,50.68006896972656,42.41074752807617,39.224979400634766,31.41426658630371,25.577884674072266,19.936737060546875,14.39631175994873
142.53546142578125,132.99302673339844,67.34541320800781,78.0191650390625,36.169071197509766,10.084427833557129
162.6986541748047,53.88909912109375,61.54082489013672,44.16775131225586,43.04951858520508,31.192123413085938,18.0207576751709
75.25028228759766,54.439701080322266,26.937772750854492,33.91433334350586
178.40145874023438,81.04458618164062,88.61583709716797,59.77730941772461
135.3416290283203,93.44229125976562,49.14833450317383,28.976591110229492,32.213470458984375
123.9862060546875,63.870182037353516,46.78331756591797,39.75166702270508,37.583900451660156,21.412382125854492,14.742204666137695
175.10372924804688,72.16426086425781,53.2252082824707,47.19075393676758,32.61491775512695
139.93087768554688,52.95871353149414,62.898193359375,24.661602020263672
152.97523498535156,91.68280792236328,90.33050537109375,56.729270935058594,18.194257736206055,24.1910457611084,17.233478546142578,14.315571784973145
93.25839233398438,70.82417297363281,56.503150939941406,29.038787841796875,10.499795913696289
53.828548431396484,66.08616638183594,31.896177291870117,22.504121780395508
60.11244201660156,45.462562561035156,36.479896545410156,33.39017105102539,26.462303161621094,25.610456466674805,24.931657791137695,12.627252578735352
61.573421478271484,79.69804382324219,56.784603118896484,43.293365478515625,20.6739444732666,27.588478088378906
64.660888671875,62.330711364746094,46.77259826660156,32.52608108520508,23.674978256225586
124.4848861694336,93.04574584960938
122.49317932128906,111.93567657470703,37.46302795410156,25.67398452758789
145.91259765625,90.24320220947266,91.49579620361328,46.92463302612305,38.996158599853516,39.893646240234375,28.45178985595703,22.257450103759766
73.10045623779297,75.20552062988281,15.694014549255371
89.02902221679688,57.25493240356445,19.183216094970703
115.35598754882812,93.6152572631836,87.13807678222656,29.571136474609375,32.44306945800781,29.4581356048584
98.35623168945312,86.46805572509766,69.15306854248047,25.99079132080078,29.31324577331543,13.036576271057129
111.26069641113281,81.11599731445312,30.784406661987305,21.290550231933594,12.810816764831543,15.114372253417969,19.01814079284668,14.75533676147461
121.00994873046875,59.140289306640625,50.94001388549805,20.07183265686035,11.833086967468262
124.77916717529297,101.68132019042969,35.43314743041992,29.19289779663086,34.49598693847656,25.76278305053711
48.544246673583984,50.26422119140625,25.374347686767578,24.539615631103516,20.747892379760742
126.92445373535156,53.286964416503906,44.11619186401367,15.650330543518066,23.948932647705078,20.247318267822266,17.529115676879883
59.37710952758789,65.39407348632812,77.9361343383789,34.62141799926758
91.25190734863281,87.13607025146484,49.08448028564453,45.93112564086914,46.08600616455078
131.9029541015625,77.80168151855469,25.840553283691406,8.835173606872559,10.089303016662598
79.37183380126953,81.5508041381836,43.52013397216797,28.15099334716797,22.127517700195312,22.477121353149414
10.202421188354492,54.2398796081543,45.495262145996094,50.65931701660156,29.885417938232422,45.791282653808594,20.32471466064453,25.208086013793945
80.91252136230469,102.21923065185547,49.0752067565918,54.21641540527344,33.37970733642578,22.75693130493164
56.84232711791992,55.65932846069336,29.305633544921875,24.304706573486328,36.56664276123047,27.341955184936523,14.226410865783691
72.9477767944336,73.99022674560547,65.55220031738281,30.41708755493164,35.55464553833008,14.460204124450684,18.354610443115234
184.1494140625,171.1434783935547,18.955541610717773,22.226272583007812,20.84393310546875
218.88726806640625,31.835981369018555,31.17377281188965,28.99356460571289
69.4603271484375,41.90375900268555,42.862545013427734,35.547019958496094,23.60288429260254
113.39253997802734,74.23323822021484,76.86138916015625,49.013221740722656
71.75784301757812,77.59764099121094,30.048192977905273
52.784725189208984,40.488162994384766,14.166752815246582
100.39208221435547,82.79460144042969,53.70439910888672,25.540510177612305,20.34525489807129,18.888946533203125,18.85811424255371
104.95559692382812,68.63786315917969,9.57341480255127,46.0107421875,34.25615692138672,15.02613353729248
52.63519287109375,32.462650299072266
70.93151092529297,71.30831909179688,26.02213478088379,20.250202178955078,28.642559051513672,23.236862182617188,22.053796768188477
110.8058090209961,38.53086853027344,31.55194091796875,20.585355758666992,14.827227592468262
129.07064819335938,104.69689178466797,56.60367202758789,18.5386905670166,14.301423072814941
77.2438735961914,72.88430786132812,25.665618896484375,20.589521408081055
91.69976806640625,67.06643676757812,62.60691452026367,38.65883255004883,22.76630973815918,37.387855529785156
66.84280395507812,68.4939193725586,52.93169021606445,32.30738830566406,21.311767578125,27.99521255493164,21.38555335998535,9.025822639465332
81.39109802246094,35.50193786621094,27.752723693847656,18.008563995361328,13.205096244812012
73.50566101074219,72.39657592773438,11.855566024780273,53.63888931274414,78.8815689086914,32.75177001953125,28.62825584411621
65.17613220214844,13.734649658203125
63.5952033996582,48.65061569213867,46.83579635620117,42.69768524169922,33.7606086730957,21.040054321289062
127.7430648803711,22.203062057495117,67.5827407836914,23.304901123046875,30.772619247436523,25.492570877075195,22.24152183532715,17.445030212402344
102.06828308105469,53.72196960449219,73.79850769042969,48.586692810058594,26.562986373901367
78.10430908203125,53.34938430786133,65.46002197265625
125.23018646240234,116.02082824707031,10.694613456726074,17.844635009765625
44.54873275756836,56.2816162109375,54.17768096923828,44.40793991088867,19.341846466064453
46.74986267089844,49.805301666259766,47.1828727722168,36.274662017822266
77.44071960449219,72.96443939208984,38.75258255004883,38.38912582397461,28.869136810302734,23.50571632385254,8.73043441772461,15.71119499206543
104.62794494628906,48.06784439086914,39.75998306274414,34.72300338745117,19.34598159790039,25.23850440979004,33.362281799316406,25.84935188293457,25.515695571899414
117.05296325683594,99.06475067138672,70.6500015258789,28.037471771240234,20.026737213134766,16.63318634033203
93.88077545166016,114.2537612915039,70.28392791748047,45.33108901977539,25.404163360595703,17.812122344970703
86.69237518310547,76.0521240234375,49.42062759399414,38.876346588134766,35.38881301879883,18.427486419677734
58.54249954223633,59.62004089355469,21.862274169921875,17.474641799926758,37.14908981323242,19.431682586669922,12.693482398986816
126.66358947753906,87.64198303222656,24.71636962890625,17.273452758789062
94.8958969116211,73.83700561523438,53.39260482788086,58.49293899536133,30.835693359375,27.685941696166992,11.637916564941406,16.40793228149414
96.56396484375,53.503387451171875,49.641746520996094,48.86064147949219,24.526899337768555,24.30113410949707
104.6117935180664,78.9264907836914,57.24898910522461,71.22230529785156,45.19221115112305,48.78781509399414,40.566749572753906,22.55323600769043
59.83799362182617,59.60649490356445,34.69658660888672,15.082954406738281,17.938085556030273,12.886367797851562
85.96990203857422,105.87579345703125,51.97688674926758,42.60116958618164,28.307266235351562,23.34642791748047
105.5099105834961,94.3815689086914,48.26234817504883,61.3658561706543,19.09596061706543,9.495085716247559
68.73455047607422,19.17808723449707,38.2683219909668,16.270662307739258
63.72924041748047,60.23836898803711,36.95624542236328,18.310813903808594
96.14909362792969,78.8709487915039,46.89442825317383,51.53541946411133,24.026430130004883
76.85198211669922,37.09727478027344,12.20654296875,38.845027923583984
98.53166198730469,32.080810546875,27.798465728759766,23.85116195678711,15.490763664245605
100.92617797851562,76.47582244873047,59.108306884765625,57.06070327758789,54.05592346191406,40.59172058105469,30.563556671142578,24.170974731445312,20.51991081237793
133.10032653808594,83.44485473632812,48.66999053955078,39.260658264160156,22.723913192749023
133.9805450439453,107.60166931152344,44.1810188293457,32.55552291870117,30.145906448364258
75.7928237915039,54.67437744140625,32.92820358276367,23.020076751708984,17.961950302124023
42.819644927978516
89.0210189819336,54.80531311035156,35.71689987182617,24.886362075805664,14.167570114135742
89.00863647460938,77.10620880126953,54.06494140625,15.976236343383789
86.535400390625,58.254207611083984,56.946048736572266,48.955265045166016,22.705495834350586,36.21969985961914,21.82082176208496
159.67198181152344,106.57267761230469,63.28022384643555,27.85520362854004,23.865833282470703,14.219337463378906
116.0888442993164,79.41202545166016,66.71200561523438,31.3021297454834,22.097204208374023,13.230361938476562,23.940845489501953,19.162628173828125,21.20989990234375
108.83876037597656,79.56427001953125,42.28391647338867,18.272254943847656,18.980249404907227
105.1273193359375,111.58349609375,79.93087005615234,55.915889739990234,51.17695236206055,30.525205612182617,30.670921325683594,24.917879104614258
76.93680572509766,39.20576858520508,48.1100959777832,43.70625305175781,28.975177764892578,19.263471603393555
67.73992156982422,51.572078704833984,58.773319244384766,31.202648162841797,31.42560577392578,13.53032112121582,12.35070514678955
98.53903198242188,48.05107879638672,38.370147705078125,32.62987518310547,20.644582748413086,24.89266586303711,11.392008781433105,19.089826583862305
70.38867950439453,97.32377624511719,52.011199951171875,33.75575256347656,12.138933181762695
127.78185272216797,104.85413360595703,70.36766052246094,41.847328186035156,21.915592193603516
126.55032348632812,89.27996063232422,48.513214111328125,48.45037841796875,46.03726577758789,27.181087493896484,16.01243782043457
114.52922821044922,105.2733154296875,79.20960998535156,82.70134735107422,64.5488052368164,49.81098175048828,30.53299331665039
137.88095092773438,106.29869842529297,71.41387939453125,15.49262809753418,27.2860164642334,10.234208106994629,28.597198486328125
109.02101135253906,82.76815032958984,45.86128616333008,23.845321655273438
85.06151580810547,52.61360549926758,54.519630432128906,41.9805793762207,22.903310775756836
84.59723663330078,62.00667190551758,39.233829498291016,18.831039428710938
164.01593017578125,42.81508255004883,34.903564453125
98.02123260498047,31.370553970336914,20.491884231567383,24.43937110900879
74.93653106689453,60.07989501953125,52.27615737915039,26.088306427001953,9.317770957946777
107.05355072021484,90.0771713256836,81.32823181152344,76.48599243164062,26.806921005249023,19.781314849853516,10.78972053527832
101.32637023925781,71.2369384765625,68.47435760498047,40.56452560424805,24.525217056274414
87.33111572265625,71.38386535644531,48.73042297363281,20.7166748046875,17.217967987060547
71.15416717529297,63.95412063598633,52.44574737548828,15.366113662719727
119.21928405761719,58.90605163574219,29.102506637573242,26.651611328125,21.310686111450195
122.69318389892578,74.3702392578125,73.92996978759766,60.53974151611328,18.560379028320312,39.15070724487305,18.85103988647461
79.04621124267578,44.43144989013672,33.98677444458008,30.48611068725586,28.130483627319336,16.628686904907227,22.674158096313477,20.075042724609375
28.91729164123535,18.42707061767578
80.90821838378906,58.95683288574219,50.37100601196289
111.46568298339844,41.583892822265625,31.344141006469727,11.603229522705078,17.95914649963379
50.42891311645508,43.075984954833984,27.08245277404785,37.84589385986328,33.62016677856445,30.588394165039062
176.199951171875,164.01426696777344,139.75497436523438,59.1762580871582,10.899603843688965,21.960826873779297
84.65531921386719,32.648197174072266,20.8435115814209,35.03583908081055,16.99959945678711,17.74993896484375,11.75229549407959
85.06832885742188,62.0731315612793,71.19575500488281,12.159523963928223
78.29682922363281,55.11521530151367,61.72653579711914,55.97385787963867,35.88223648071289,15.632793426513672
65.34294128417969,54.705108642578125,42.11818313598633,37.83945083618164,15.217264175415039,23.962520599365234,15.524557113647461
65.73429107666016,28.5472469329834,48.39884948730469,32.46406173706055,26.951683044433594,18.874330520629883,15.72409725189209,9.909951210021973
96.68171691894531,59.066287994384766,49.008331298828125,18.271278381347656,32.829200744628906,47.926719665527344,18.127689361572266,12.259162902832031
116.58963012695312,91.77863311767578,77.13296508789062,39.15937805175781,35.37733459472656,26.183984756469727
161.23492431640625,109.4151840209961,100.55412292480469
104.77010345458984,96.0764389038086,48.46708297729492,38.678714752197266,28.95257568359375
67.97644805908203,59.91965866088867,46.135040283203125,35.23344802856445,42.59904479980469
53.43053436279297,29.94220733642578,28.689725875854492,33.25822830200195,30.522043228149414,18.284523010253906,15.12023639678955
67.58206939697266,55.458213806152344,62.08177947998047,31.12779998779297,33.497283935546875,33.59233856201172
33.835384368896484,39.141719818115234
126.83780670166016,59.88869857788086,44.06372833251953,10.920478820800781
61.919189453125,44.60983657836914,43.15444564819336,30.344593048095703,29.724895477294922,21.435720443725586
62.81740188598633,38.739681243896484,47.417301177978516,26.644439697265625,34.730918884277344
43.377044677734375,52.68503952026367,36.485321044921875,43.5119514465332,31.628225326538086,28.2384090423584
102.91741943359375,65.10662078857422,47.00768280029297,27.421934127807617,29.971302032470703,25.55826187133789
92.35559844970703,53.65352249145508,44.227149963378906
202.75604248046875,109.18679809570312,53.32062530517578,22.22974395751953
94.73038482666016,71.60936737060547,35.83778762817383,38.20954895019531,27.42386817932129
100.6152572631836,82.962158203125,37.569244384765625,22.570201873779297,24.334474563598633,18.320344924926758
111.73796844482422,50.19548797607422,51.36553192138672,20.83831024169922
68.95802307128906,65.59490203857422,37.85099792480469,27.078088760375977,30.981021881103516
31.011110305786133,42.30559539794922,47.24516296386719,30.973051071166992,28.182950973510742,24.34848403930664,8.318215370178223
137.09036254882812,94.28870391845703,97.5550765991211,86.92398834228516,57.37037658691406,47.80809783935547
29.74379539489746,43.52660369873047,24.212568283081055,21.78238296508789
63.8416748046875,36.048702239990234,41.431949615478516,28.401769638061523,23.691831588745117
78.51377868652344,65.64778137207031,51.3917236328125,48.453861236572266,30.23371696472168,17.99601173400879,17.785873413085938
107.53358459472656,69.30017852783203,27.706584930419922,14.292620658874512
75.79871368408203,44.876914978027344,15.00644588470459,18.062345504760742,21.456453323364258,19.639301300048828,17.701601028442383,21.640350341796875
129.2265625,92.39422607421875,62.80289077758789,23.6612491607666,23.306203842163086
121.99706268310547,68.4706802368164,64.97119903564453,34.93031311035156,11.5995454788208
99.44757080078125,75.42211151123047,53.4825325012207,32.572914123535156,15.307689666748047,20.4257755279541
221.19793701171875,39.36128616333008,28.22995948791504,29.36997413635254
46.89323043823242,29.662378311157227,15.16023063659668,15.514081954956055
64.33734893798828,72.60118865966797,62.14498519897461,45.42036056518555,53.020538330078125
102.67878723144531,99.3245849609375,68.39942932128906,25.667621612548828,30.669445037841797,19.73902702331543,12.370741844177246
210.6188201904297,115.7254867553711,74.7535171508789,25.523822784423828,33.30318832397461,23.44662857055664
130.6481475830078,111.12260437011719,88.4774398803711,67.87110137939453,23.311668395996094,16.239139556884766
104.2607650756836,105.90715026855469,54.154422760009766,33.3561897277832,22.290651321411133,38.913978576660156
113.6753921508789,80.55558776855469,55.79771041870117,30.789133071899414,10.257773399353027,19.3873233795166
85.81474304199219,51.21915817260742,43.687217712402344,11.562174797058105,19.95908546447754,25.498233795166016
138.35096740722656,70.53131866455078,30.035886764526367,38.430118560791016,24.15231704711914,20.129173278808594
55.74655532836914,52.07857131958008
56.41368865966797,29.243074417114258,44.772422790527344,18.935482025146484,24.028234481811523,18.161758422851562,14.363053321838379
99.08930969238281,77.36433410644531,66.1612319946289,55.78155517578125
72.1025161743164,73.92697143554688,58.569984436035156,37.15492630004883,28.312908172607422,19.124305725097656
148.11061096191406,118.98495483398438,98.16670227050781,80.36753845214844,24.52473258972168
74.95252990722656,62.999942779541016,39.842952728271484,38.003116607666016,19.95867919921875,21.680522918701172,9.942215919494629
76.09271240234375,58.493404388427734,50.00480651855469,48.480201721191406,35.169403076171875,27.466562271118164,32.750282287597656
89.425048828125,15.601815223693848,57.51218032836914,34.199134826660156,25.428813934326172
126.45861053466797,93.03480529785156,48.56389236450195,38.30384063720703
87.60417938232422,67.60713195800781,54.034366607666016,49.695770263671875,35.46900939941406,18.106327056884766
115.4030532836914,105.1763687133789,34.187721252441406,10.947474479675293,22.060894012451172
80.2399673461914,28.92620849609375,32.298866271972656,30.474931716918945,25.623682022094727,23.945457458496094
51.50551986694336,82.6998291015625,51.70460510253906,62.037845611572266,21.953990936279297,20.751253128051758,24.02246856689453
65.69020080566406,73.17620849609375,67.87908172607422,51.9384765625,23.771936416625977
144.85116577148438,117.45318603515625,46.12995910644531,62.45074462890625,22.17762565612793,26.764558792114258
136.195068359375,38.79664993286133,19.152490615844727,23.198442459106445,18.481548309326172
41.34771728515625,56.41328430175781,56.5474967956543,34.63911437988281,28.329612731933594,33.408538818359375,22.687599182128906
81.52676391601562,54.49721908569336,73.8862075805664,39.30113220214844
119.58507537841797,72.78621673583984,60.531124114990234,14.003503799438477,19.242618560791016,21.06831169128418
67.18722534179688,46.71865463256836,57.56148910522461,46.53112030029297,40.83123779296875,23.18653678894043,27.891109466552734
148.12606811523438,43.38676071166992,35.38262939453125,22.671001434326172,17.746442794799805,13.556160926818848,16.877277374267578
81.23358917236328,73.6747817993164,34.6300163269043,40.82914733886719
86.78167724609375,75.24658203125,30.94818687438965,8.233293533325195,17.91936683654785,13.24707317352295
175.35110473632812,90.25531005859375,52.40082931518555,27.24707794189453,13.136367797851562
75.62258911132812,46.868995666503906,40.65816879272461,48.1196174621582,27.805749893188477,11.127875328063965
88.46089172363281,62.072547912597656,53.740299224853516,41.25261688232422,38.78034973144531,15.360259056091309
66.31417846679688,68.27452087402344,45.74631881713867,39.275291442871094,35.2873649597168,15.210160255432129
110.42857360839844,64.4854965209961,49.30215072631836,33.214481353759766,26.994922637939453
83.97807312011719,44.53997039794922,46.195899963378906,46.07737731933594,25.74884033203125,32.91782760620117
112.88182067871094,120.69429016113281,55.63193130493164,25.36996078491211,21.106285095214844,18.497737884521484
90.73628234863281,61.62234878540039,46.719390869140625,41.24597930908203,16.05108070373535
113.86495971679688,36.22549819946289,37.20359802246094,28.784982681274414,11.426409721374512
58.6990852355957,47.92078399658203,33.9383430480957,28.459148406982422
87.64220428466797,52.95557403564453,28.77452278137207,10.333427429199219
58.6226806640625,44.69015121459961,40.66395568847656,45.889766693115234,33.48434829711914,27.370323181152344
100.98819732666016,48.05415725708008,45.029136657714844,22.650196075439453
92.85095977783203,43.55752182006836,29.844905853271484,27.83553695678711,21.689697265625,14.668418884277344,23.258913040161133
124.20003509521484,60.58237075805664,26.478490829467773
116.0152359008789,61.81831741333008,75.1207275390625,77.49183654785156,32.52268981933594
61.60133361816406,81.16488647460938,58.4604606628418,42.17014694213867,27.882131576538086
72.47288513183594,18.31346893310547,28.700767517089844,29.59311294555664,42.01898956298828,17.008399963378906
306.7225341796875,286.8804626464844,181.9498748779297,125.47142791748047,21.68033790588379,28.751129150390625,12.582268714904785
