-0.40253883600234985,-3.3232719898223877,-0.652960479259491,-1.1997836828231812,-0.9007581472396851,-0.21772603690624237
-0.34025225043296814,-0.5878475904464722,0.36943888664245605,-2.4407739639282227,-1.0503522157669067,-1.02812922000885,0.22660353779792786
0.8707021474838257,-0.5012889504432678,0.563147246837616,1.3916505575180054,-0.5906791090965271,-0.5107128620147705,4.917414665222168
-0.433430016040802,-0.3513614237308502,-2.690560817718506,-4.041067600250244,-1.5177932977676392,-0.1010391116142273,-2.1260435581207275,-0.8768517971038818
-1.4571212530136108,-1.2291922569274902,-0.019346438348293304,-2.472891092300415,-2.2266435623168945
0.7053375244140625,4.079708099365234,2.910006284713745,0.721703052520752
-0.7863088846206665,-1.447754979133606,-0.31526678800582886,-1.101155161857605,-2.0336995124816895,-0.024217812344431877
-3.1280815601348877,-2.215714693069458,-2.166281223297119,-1.8861883878707886
-2.5426740646362305,-3.0134406089782715,-1.639528751373291,-3.608713150024414,-3.0382792949676514,1.983425498008728
-0.5130853652954102,-1.1410181522369385,0.2792879343032837,-2.3971803188323975,0.9936076402664185,-0.3716225028038025
0.23191842436790466,0.30833590030670166,0.5398743748664856,-0.9597353339195251
-1.016251564025879,-0.5444656014442444,-1.9521219730377197,-0.8032204508781433,-1.7003659009933472,-0.02240784466266632
2.1040167808532715,0.45023486018180847,-0.9069432020187378,-0.7158229351043701,2.7707834243774414
-1.7651150226593018,-0.3084123134613037,-2.359499931335449,1.2382830381393433,0.44821807742118835,-0.7986161708831787,-3.1785497665405273
-0.2900391221046448,1.2184650897979736,0.26369014382362366,2.0384838581085205
-0.8436408638954163,0.2256803661584854,0.3411690890789032,-1.121870756149292,-0.7096128463745117
-0.23905843496322632,0.25768914818763733,-0.020903464406728745,1.0400781631469727,0.09802901744842529,0.654318630695343
0.17305058240890503,-0.06890507787466049,-0.8554033041000366,5.070009708404541
2.196340560913086,1.0453119277954102,-0.4879026710987091
-0.3529646098613739,0.9862104058265686,-1.5501196384429932,3.090705394744873,-0.7734470367431641,-0.20714697241783142,-4.993849754333496,-0.6434285640716553
1.1271681785583496,-1.9501909017562866
-0.7869046330451965,-0.8122274279594421,0.9826938509941101,-2.7339723110198975,-2.148648262023926,-2.1494359970092773,1.3912320137023926,-3.7783524990081787
1.9173798561096191,1.9605433940887451,0.9052358865737915,2.4560043811798096,1.7297663688659668
-0.806824266910553,0.3252254128456116
0.12141363322734833,0.3219502568244934,-0.0785314291715622,-0.3580557405948639,0.0006385259330272675,-4.636026859283447,2.294739246368408
1.6442774534225464,1.9091620445251465,0.9638623595237732,0.0976078137755394
1.1436820030212402,1.8907639980316162,0.5463162064552307,0.2384721040725708,-1.050978183746338
-2.508086919784546,-1.5560276508331299,-0.1908140480518341,-1.8083853721618652
0.4290529787540436,1.037027359008789,1.3605284690856934,0.013132170774042606,3.2780511379241943,-0.13203850388526917
-2.1517527103424072,-1.362125039100647,1.5645350217819214,-1.0620077848434448,-1.6247488260269165,-1.38551664352417
-0.26763156056404114,0.03349149227142334,1.111259937286377,2.260798931121826,-0.03520772606134415,0.897741436958313,2.256363868713379,-2.8941433429718018,1.5801604986190796
0.619188666343689,-0.635113000869751,-2.8039658069610596,-2.3140246868133545
0.8891719579696655,-0.3708110749721527,1.0185760259628296,1.247464895248413,0.7324495911598206,2.633030414581299
-0.5576874017715454,1.12547767162323,0.510071873664856,-0.0032162489369511604
-0.5241154432296753,-0.6774806976318359,-0.033432453870773315,-0.9935940504074097,1.153052568435669,-1.4965351819992065,-1.674256682395935
-2.405564308166504,-0.031480297446250916,-1.269230604171753,-0.3248903751373291,-2.2247302532196045,-3.5072133541107178,-1.8643159866333008
-0.5102449059486389,-0.7066357731819153,-0.5542765855789185,-1.1398385763168335,-1.0735077857971191
0.19065329432487488,-0.30815187096595764,-0.15688052773475647,-1.9287892580032349,-3.7799551486968994,-2.0719549655914307,-3.0237934589385986,-1.0208256244659424,-1.2924226522445679
-0.2368679940700531,0.7195087671279907,-1.2805935144424438,-0.06167737394571304,1.3697346448898315,0.36555978655815125
-0.10792933404445648,0.9118989706039429,-0.6673524379730225,2.5416009426116943,1.4353468418121338
-0.7802160978317261,0.32517439126968384,-0.8365646004676819,-0.698411762714386,3.4538164138793945
1.5316002368927002,-0.9207768440246582,-0.2548692524433136,-0.5638977289199829
0.7356515526771545,0.41362500190734863,-0.6381413340568542,1.2440292835235596,2.0468432903289795,-1.1511863470077515
-0.2053123563528061,-0.5664708018302917,-1.099150538444519
-2.855926036834717,-1.2353752851486206,3.1396093368530273,-3.1527607440948486,-0.4515628516674042
-0.1542905867099762,-0.5319609642028809,1.0278446674346924,2.64947772026062,0.891322135925293
-0.42876195907592773,-0.810483992099762,1.1093343496322632,-0.5607050061225891,0.8961789011955261
0.9427400231361389,1.8776525259017944,1.8672350645065308,2.802940607070923,-3.504026174545288
-0.08217006921768188,-1.1050852537155151,-2.0097312927246094,1.5920743942260742
-0.5619450807571411,0.41841086745262146,-0.1908501237630844,-0.7148172855377197,-2.208247184753418
-0.3342515230178833,-0.4549994468688965,0.7320035696029663,-1.0876299142837524,-0.5742928385734558,0.25101596117019653
-0.5874406695365906,0.6957026124000549,-0.2949790060520172,-0.1655280888080597,-1.0255029201507568,-0.3047119081020355,1.2170839309692383
2.40915584564209,2.4119534492492676,2.8049488067626953,2.0415875911712646,3.0113298892974854
1.9461710453033447,-0.5062572956085205
-2.777456521987915,-3.679083824157715,-2.5275354385375977,-2.3762221336364746,-1.4007904529571533,-1.4161731004714966,-0.8829149007797241
2.4964511394500732,2.248568534851074,3.2777273654937744,-4.230465412139893
-0.437552809715271,-3.513181447982788,0.246998593211174,0.37518805265426636,-3.328148126602173,-1.8702824115753174,2.120800256729126
-1.0945671796798706,0.017380427569150925,-1.5680010318756104,-2.964655876159668,-2.1226933002471924,-0.30601802468299866,-0.6772952675819397
0.9578431844711304,-0.1462741494178772,-1.5917479991912842,-2.4053382873535156,-0.1602431833744049,0.16873177886009216,-2.1877801418304443
1.9487627744674683,1.851088523864746,2.446291446685791,1.6509455442428589,0.9586806893348694,2.521097183227539
-1.1610331535339355,0.6757946014404297,0.013178038410842419,-0.5188992023468018
-1.6247847080230713,0.16393236815929413,1.3291534185409546,-0.30913016200065613
-0.9919619560241699,0.836845338344574,0.7704284191131592,-1.3469197750091553,0.9287225008010864,1.3885523080825806,-0.4673950970172882,0.6981635689735413
-0.3233203887939453,-1.3205420970916748,-0.4890863597393036,0.05616410821676254,-0.7813458442687988
0.6431503295898438,-0.7608750462532043,-0.24028289318084717,-0.8800985217094421,0.7509936690330505
0.8440774083137512,0.5459179282188416
0.11977912485599518,1.4880077838897705,1.7597856521606445,-2.4448800086975098
1.7720845937728882,0.7712925672531128,0.35082486271858215,0.6852564811706543,1.9483931064605713
-1.4980798959732056,-1.1546982526779175,-0.8948139548301697,-0.5521000027656555,-0.4921313226222992,0.9349930286407471,-0.5123193264007568
1.4488091468811035,0.8525025844573975,1.3350303173065186,-0.032647036015987396,4.442175388336182
1.935892105102539,1.916634202003479,2.100862503051758,2.36871600151062,2.2904512882232666
1.3961273431777954,3.0804760456085205,2.466052293777466,-0.23604439198970795,1.9507815837860107,2.6966981887817383,1.0102616548538208
1.7464064359664917,1.1658611297607422,2.5453131198883057,2.903315544128418,1.2469065189361572
-1.4796913862228394,-1.4138199090957642,-1.5464454889297485,-0.3326244652271271,1.0427571535110474
-0.9190819263458252,-2.179558038711548,-0.4159161448478699,0.5751616358757019,-1.4003726243972778,-1.892796516418457
-1.6686105728149414,0.3649366497993469,0.5400411486625671,0.9190295934677124,-1.0008832216262817,-2.1423380374908447,0.8501009345054626
-0.2713485360145569,-1.7776585817337036,-0.12473960220813751,1.6291985511779785,3.6788394451141357,0.4999666213989258
0.3658018708229065,0.11104966700077057,1.7786742448806763,0.8006798028945923,-1.6316359043121338,2.031002998352051,-0.06739833950996399,-1.9480137825012207,-1.0402891635894775
0.6726968288421631,2.4013831615448,0.6515370011329651,-0.15620847046375275,3.098484992980957,4.710666179656982
-4.191011905670166,-0.5473193526268005,-0.8999583125114441,-3.502045154571533
2.2211496829986572,3.022228240966797,2.2484495639801025,2.481651782989502,4.021923065185547
-1.0891286134719849,0.41567954421043396,-0.13494135439395905,1.9552592039108276,-0.06352466344833374,-1.6923688650131226
-0.5980261564254761,0.17216889560222626,-0.8619863390922546,0.6030681133270264,1.8116339445114136,1.6155179738998413
-1.6283525228500366,1.214496374130249,-0.4529500901699066
-1.021670937538147,-0.4965679943561554,-0.8201056718826294,-0.09238352626562119
1.1998523473739624,1.6133402585983276,1.182431697845459,0.7546898722648621,0.42848196625709534,-0.17830517888069153,-0.44904255867004395,-2.5639078617095947
1.1035057306289673,0.6652705073356628,0.2466646283864975,1.3613203763961792,0.4320150911808014,1.288182258605957,0.24182835221290588
-0.1866694688796997,-1.3683792352676392,-1.493892788887024,1.730851411819458,0.43701469898223877,-0.731095552444458
-0.06507308036088943,0.41492417454719543,-0.004562698304653168,-1.6631667613983154
-1.6258844137191772,-2.00447416305542,-1.3500967025756836,-0.6527957916259766,-2.228455066680908
-1.8072532415390015,-1.5263904333114624,-1.8671072721481323,-0.4865189492702484,-0.5940033793449402,-1.0958616733551025,-0.19895826280117035
1.3630239963531494,1.6979849338531494,-0.7971999049186707,-1.895445466041565
0.7872744798660278,-0.32349613308906555,1.7805447578430176,-1.1692752838134766,-1.7221399545669556,2.409804105758667
1.2905027866363525,1.5113879442214966,2.6261887550354004,0.8918735384941101,0.821756899356842
1.6721959114074707,-0.3871335983276367,1.239331841468811
-2.2518668174743652,-3.416253089904785,-2.9117271900177,-1.9660598039627075,-2.595707893371582,-1.9623713493347168,1.8828140497207642,-0.9662029147148132,-1.3344308137893677,-0.05067698657512665,-0.3562090992927551
2.0858395099639893
1.4590418338775635,1.1495540142059326,0.037402041256427765,-0.4913320541381836
1.7604464292526245,1.7415796518325806,1.6612993478775024,1.9482821226119995,2.391789197921753
-0.7617743611335754,-0.9086395502090454,-1.717478632926941,0.18367215991020203,0.009174461476504803,-0.3482992351055145
0.5905629396438599,-0.7084752917289734,-0.03939373046159744,-0.8305967450141907,-1.3428964614868164
-1.9823342561721802,-2.0920562744140625,1.9402178525924683,-0.8318158984184265,-0.9581067562103271,-0.11798634380102158,-1.2115147113800049,2.7137906551361084,-0.1879030466079712
0.4119533896446228,0.7693992853164673,-2.3800137042999268,-2.8322396278381348
-1.8134692907333374,-0.668979287147522,-3.1156764030456543,-3.4846339225769043,-1.9149959087371826,-3.1867284774780273
-0.01278931088745594,-1.2718112468719482,-0.40332722663879395,-0.33858200907707214,-1.5409749746322632,0.5498135685920715
-0.5726319551467896,-0.2147139459848404,-0.9994490742683411,-2.4271512031555176
1.2600620985031128,-0.9359104633331299,1.9555821418762207,-3.452136278152466,3.38002610206604
-1.621146559715271,-1.0897619724273682,-0.7409437894821167
0.4144705533981323,0.6939057111740112,0.25472337007522583,2.960653066635132,0.46454498171806335,-0.4866640865802765,-0.44214510917663574,1.6729815006256104,-0.7916651368141174,0.07440152019262314,-3.3540990352630615
1.216647982597351,1.9141380786895752,2.943782091140747,1.0628232955932617,0.5589699745178223,-1.1591160297393799,2.7975785732269287,1.246184229850769
0.9194492697715759,1.5105353593826294,1.5797408819198608
0.1397622525691986,1.289703369140625,1.1112587451934814,2.0794410705566406,0.6064920425415039,-0.826845645904541,-0.11062324047088623
0.19417256116867065,-0.224639892578125,-0.08217345178127289,0.7523394823074341,0.45481252670288086,-0.32930266857147217
-0.7817701697349548,-0.395138680934906,-1.1267242431640625,-2.0271196365356445,2.668436288833618
0.46829846501350403,-0.3170051574707031,0.6968839168548584,-0.16049984097480774
-0.6042271256446838,-0.45620134472846985,-0.6861337423324585,-0.5633368492126465,-1.1629947423934937,-2.5567915439605713,3.9418814182281494
-1.5748211145401,0.00916790496557951,0.7884253263473511,-1.567557454109192,-0.7565516233444214,0.7758529782295227,-1.3522852659225464
0.3290106952190399,0.5007002353668213,1.5920565128326416,1.0449731349945068,0.7786621451377869,-1.4257283210754395,1.5999342203140259,1.112145185470581
1.6088472604751587,0.6848617196083069,1.3541847467422485,1.5290182828903198,1.4106528759002686,4.03640604019165
-2.1691486835479736,-0.8784760236740112,-0.28082096576690674,-2.027578592300415,0.30646270513534546,-2.767216444015503
-0.45227891206741333,-0.19652891159057617,-0.1680261790752411,0.4236307144165039,0.8187209367752075,0.6191580891609192
-0.6861435174942017,0.2630470395088196,-0.2913222908973694,-0.7270009517669678,-0.9516989588737488
-2.5257790088653564,-0.16414803266525269,-1.0114799737930298,-1.3523629903793335
-0.6534253358840942,-1.3665270805358887,-0.446672648191452
1.6175562143325806,0.614986777305603,-0.5011124014854431,-1.1444036960601807,1.127523422241211,1.6476593017578125
1.7163126468658447,1.3311731815338135,1.9276171922683716,0.741185188293457,0.23392648994922638,2.1735219955444336
-0.11813069880008698,0.8446342349052429,0.16906751692295074,1.7007580995559692,0.8817951679229736
-0.6983857750892639,-1.2478278875350952,-1.695458173751831,-2.0064666271209717,0.30186012387275696,0.062295544892549515,-0.6948658227920532
-0.26796722412109375,-0.9562222361564636,-1.8961631059646606,-0.3999541401863098,0.5916784405708313,-2.91654109954834,1.5580538511276245
0.6064162254333496,-0.9091275930404663,1.313464879989624,-2.0731019973754883,2.173114061355591,-1.9180989265441895,-0.4279428720474243
-1.2500818967819214,0.6400411128997803,-4.114691257476807,-3.578420877456665
1.018984317779541,0.589084804058075,1.2171494960784912,3.72245717048645,-4.0451483726501465
0.02603311277925968,1.5154290199279785,0.9558250904083252,-2.112886667251587
0.29572492837905884,0.8096837997436523,2.589538812637329,0.8461242914199829,-2.715973377227783,1.799924373626709,1.931430459022522
0.49482375383377075,1.8366827964782715,0.49318352341651917,0.07570259273052216,-1.2628265619277954,-0.5869265198707581,0.8094778656959534
1.402254581451416,0.9352715611457825,1.068572998046875,-1.2633347511291504
-2.772165536880493,-2.799044370651245,-1.0454158782958984,0.23089802265167236,-1.1530303955078125
0.043235380202531815,0.9221166968345642,-1.5270099639892578,0.9456821084022522
0.4349331259727478,-1.022486686706543,0.6796441078186035,-0.2039967179298401
1.9943584203720093,1.2805417776107788,1.9873825311660767,0.5872945785522461
0.3636060655117035,-1.5519111156463623,-0.45804429054260254,-0.3113307058811188,-1.7633650302886963,-1.5843369960784912
0.4061429798603058,1.2747132778167725,1.2232941389083862,-0.02855635993182659,0.7857679724693298
1.9227482080459595,1.6151947975158691,1.025121808052063,1.9164859056472778,-0.34450486302375793,3.771284818649292,1.0012508630752563
-1.2318588495254517,1.1740468740463257,0.9064526557922363,2.7250001430511475,-0.1957217901945114,1.6657847166061401,0.14713703095912933,3.959365129470825
-1.3024120330810547,-0.993196964263916,-0.7293273210525513,-3.17628812789917,-1.4947454929351807,-0.0095668388530612
1.3350627422332764,1.2321369647979736,-0.10328266769647598,-1.4970247745513916
-0.34121039509773254,0.7027612328529358,1.3193598985671997,0.530143141746521,0.27624061703681946,0.47042030096054077,0.23079398274421692
1.4351400136947632,2.0251152515411377,0.818797767162323,-0.3972357213497162
0.26168909668922424
-1.8089040517807007,-0.23474058508872986,0.5043239593505859,-1.486242413520813
2.4437944889068604,-3.1506011486053467,-1.567813754081726,-0.26577693223953247,1.6327682733535767,1.5899875164031982,-4.276893615722656,2.7628719806671143
-0.47713032364845276,-1.7586230039596558,-1.0237630605697632,-1.4844220876693726
-1.3136005401611328,-0.17478077113628387
-1.1762815713882446,0.17199352383613586
-1.4372318983078003,-0.6557655930519104,-2.6579387187957764,-2.0413978099823,0.24832859635353088,-3.011584758758545
-2.141690492630005,-1.560247778892517,-2.4870009422302246,-3.4212889671325684,-3.331486463546753,-0.9857152104377747,-0.10086129605770111
-2.145897150039673,-1.2515009641647339,-0.09517484903335571
1.4511502981185913,1.2039728164672852,1.2490071058273315,-0.7510907649993896,1.6280397176742554
-1.885431170463562,-0.5526252388954163,-0.16252562403678894,-3.4232473373413086,-2.0042648315429688
-1.2339422702789307,0.08156345784664154,0.09889882802963257,-0.5190081596374512,-1.1536041498184204
0.46448078751564026,0.348936527967453,-1.2057303190231323,-0.7234890460968018,-1.2694191932678223,0.5070345997810364,-2.2320005893707275,-2.673891305923462
0.946294367313385,1.3663620948791504,-0.08532090485095978,-0.9424412250518799,-0.0057142083533108234,-0.5660648345947266
0.7475446462631226,1.9892020225524902,3.225971221923828,1.6377403736114502,1.9111109972000122
-0.4018736183643341,0.8607463836669922,1.9478780031204224,0.8483973741531372,-1.3717230558395386,-1.679610013961792,1.0956213474273682,2.735287666320801
2.3985862731933594,2.3687403202056885,1.7148547172546387,0.6458041667938232,1.7504624128341675
0.9010640382766724,2.5704329013824463,2.1209089756011963,1.240371584892273,2.718661069869995,-1.3887220621109009,2.1900711059570312
0.36471840739250183,0.2884165942668915,1.0596225261688232,1.5008975267410278,-1.1660479307174683
-0.5201480388641357,-0.7337363362312317,-0.9353530406951904,-1.2601789236068726,-1.0639322996139526,-0.9775559306144714,-4.498832702636719
-2.119504928588867,-0.1761474460363388,-1.2818604707717896,1.1054030656814575
2.8863449096679688,2.833197593688965,1.9743040800094604,2.306508779525757
0.15707969665527344,-0.149193674325943,0.2436480075120926,-0.8475884795188904,0.3234524428844452,-2.964494228363037,0.12127359956502914
0.11489446461200714,0.09531433880329132,-0.42657339572906494,-0.05705559253692627,0.7485615611076355,-0.10718964040279388
-0.26628679037094116,0.49122437834739685,1.4014381170272827
-0.8946902751922607,-0.3841560482978821,-0.13236071169376373,-1.781290888786316,-3.42752742767334,0.4674678444862366,-1.3012049198150635,4.638568878173828
-0.5003134608268738,1.8782751560211182,0.8203873038291931,-1.0096497535705566,0.36190706491470337,-0.04504317417740822,1.424221158027649,-3.5740139484405518,-4.987454414367676
1.4853267669677734,2.1965010166168213,1.5999423265457153,2.4021875858306885,3.9825375080108643
-1.4728188514709473,-0.8032454252243042,0.7988226413726807,-0.5703961849212646,-3.532431125640869,0.27656710147857666,-2.729855537414551
3.913996458053589,3.2816245555877686,1.1786476373672485,-0.8491402864456177,1.8531076908111572,2.7553250789642334
0.2769845128059387,1.5913113355636597,1.7978817224502563,-0.6850264072418213,2.0283284187316895,3.6902990341186523
0.3047029674053192,-1.4006224870681763,-1.4860073328018188,-2.9518373012542725,0.27068954706192017,-1.315211534500122
-0.2935605049133301,1.9469860792160034,1.6188181638717651,2.0171403884887695,0.7441936731338501,0.11621710658073425,1.1876908540725708
-0.252507746219635,1.7789697647094727,0.6449195742607117,2.3842828273773193
0.9541087746620178,3.810392379760742,1.5791066884994507,3.076662063598633
1.1344971656799316,0.21270039677619934,0.24864603579044342,-1.928023099899292
-1.0659701824188232,-0.583453357219696,-1.201533317565918,-0.4395020604133606,-1.6330522298812866,-0.7065077424049377
1.6908631324768066,2.2846970558166504,0.936520516872406,-1.0112574100494385,1.3211203813552856,1.2092803716659546,-0.492779940366745
1.321881890296936,0.005278194788843393,0.6423760056495667,0.16318175196647644,-3.0509262084960938,2.272247314453125
0.9293975830078125,-1.426592469215393,-1.2065186500549316,0.850977897644043,-0.3900874853134155,2.7670748233795166
-1.334879755973816,-1.2931448221206665,-0.7572723031044006,0.11258268356323242,-1.9130154848098755,1.019445538520813,-2.2717504501342773,-1.9291831254959106,-0.32133913040161133
-0.7656969428062439,-1.1908937692642212,-2.168081045150757,-2.532028913497925,-2.3022003173828125,-0.5761662721633911
3.2297866344451904,-0.34008923172950745,0.4214557707309723,2.1828300952911377,0.39970338344573975,1.9152946472167969,4.121359825134277,-1.34541916847229
-0.3217441439628601,1.2229619026184082,-0.30538466572761536,-1.4422554969787598,0.5213124752044678,1.9471888542175293
-3.1526012420654297,-0.5582184791564941,-0.5776450634002686,-2.4862163066864014,-0.11367270350456238,-2.6316206455230713,0.36617717146873474,-0.9090168476104736,1.7044415473937988
0.09421733021736145,0.7842576503753662,1.3081454038619995,1.175638198852539,3.355984926223755,-1.4946246147155762,2.2197511196136475,-4.672878265380859,0.22714447975158691,1.953818917274475,2.562748432159424
-0.9475749135017395,0.8014270663261414,-0.7954958081245422,-0.23746323585510254,0.3669343888759613,0.5575537085533142,-1.1335208415985107,-0.42404481768608093
-0.286175400018692,-0.035342875868082047,-2.2407538890838623,-1.57188081741333,1.5035258531570435,4.610008239746094,1.0001676082611084,-0.15550625324249268
-0.3459046483039856,0.0007542967214249074,-0.6563350558280945,-0.8132508397102356,1.0620732307434082,0.8217664361000061
1.6978061199188232,0.25887057185173035,1.1405951976776123,1.3853274583816528,-3.548987627029419,2.073489189147949
0.0431952178478241,-1.8088399171829224,-2.036966323852539
1.7098582983016968,-0.6576815247535706,-1.4976375102996826
-0.0719279944896698,-1.1381953954696655,-0.7001053690910339,-3.110440969467163
0.02110275626182556,-0.15523573756217957,-0.02734433114528656,-0.9124500751495361,-1.065927505493164,0.3870219886302948,-0.009898797608911991,-0.08735530823469162,-0.5984639525413513
1.790611982345581,0.750933051109314,0.2541449964046478,0.1819174885749817
1.2955714464187622,0.2727327346801758,0.20588819682598114,1.8373011350631714,1.7897279262542725,2.7272021770477295,-2.569190502166748,2.7741873264312744
-1.075041651725769,0.19579045474529266,-0.38645729422569275,-1.0549734830856323,-1.7746068239212036,1.8510857820510864
-0.10914968699216843,-0.7846012711524963,1.4910433292388916,1.196769118309021,-0.47914013266563416,1.0533324480056763,-1.2633174657821655
1.1677114963531494,-0.8262327909469604,-0.9388161897659302,2.481477737426758,0.20921427011489868,-1.7206765413284302,-0.5393315553665161,-3.439734935760498,-0.05776510387659073
1.4488624334335327,0.9250497817993164,1.1278098821640015,2.5718424320220947,0.6972331404685974,2.5642335414886475,3.139519214630127
0.27383217215538025,-0.4059855043888092,0.7212824821472168,2.7609729766845703
-0.3531249165534973,1.5645205974578857,-0.46963226795196533,1.3231343030929565,1.0667849779129028,0.018040424212813377
0.827885091304779,-1.0137888193130493,0.8809722065925598,-0.586012601852417,-2.9799675941467285,-0.2505119740962982
-0.6732631921768188,1.1472396850585938,-0.47308745980262756,-0.32931506633758545,-2.0763559341430664,0.006959743332117796
2.63523268699646,1.6961147785186768,2.0856971740722656,2.878209352493286,0.4019355773925781,3.4294180870056152,-1.3365514278411865,-2.579543113708496
-1.384157657623291,-1.27875554561615,-0.7406085729598999,-0.9096665978431702,-0.5926151275634766,0.011738017201423645,-3.2965950965881348,-0.29242730140686035
-0.10116159915924072,0.5381256341934204,1.1968339681625366
-0.11871785670518875,-1.0249816179275513,-0.6087413430213928,-0.26791295409202576
0.31126314401626587,-0.3757794201374054,0.2662648558616638,1.705802083015442,-0.4746127128601074,0.3676169514656067,0.5098418593406677
-1.6503769159317017,0.016115259379148483,-2.740399122238159,2.98246169090271,0.742265522480011,-1.7829512357711792,-1.2839276790618896,1.6204010248184204
0.14434346556663513,-1.2052305936813354,-0.33364373445510864,-0.5092237591743469,2.8596138954162598,3.3787200450897217,-0.7952143549919128,2.101529598236084
0.2904616594314575,0.0196062158793211,0.4192280173301697,1.2379571199417114,1.4012306928634644
0.9454576969146729,-0.26321548223495483,-1.4276127815246582,-0.12710857391357422,-0.6481818556785583,-0.2891569435596466,-1.9081573486328125,-1.1989582777023315
0.3320131301879883,0.9828999042510986,2.758577585220337,2.0652475357055664,2.7099437713623047,-0.1641698032617569,0.9789130687713623
0.4610446095466614,1.98464035987854,1.6923145055770874,0.013014704920351505
-0.9277855753898621,-0.3891063928604126,-1.8563848733901978
1.2636775970458984,2.681426763534546,-0.021817080676555634,2.8905844688415527
-1.4284963607788086,-0.1913682073354721,-1.5425161123275757,-0.6048575639724731,-2.326093912124634,-0.3340030610561371
-0.8646170496940613,-0.7137298583984375,1.1254361867904663,-1.3656888008117676,2.3812808990478516,1.836441993713379
2.412994623184204,0.32645148038864136,2.191357135772705
-1.0589128732681274,-0.02981138788163662,-0.7790274620056152,0.31989532709121704,0.4079267978668213,-4.072656154632568,-1.4663935899734497
0.09428582340478897,1.0626047849655151,0.2338958978652954,-0.20275990664958954
0.26083412766456604,-1.2104251384735107,-1.0519193410873413,2.977210521697998,1.3463642597198486,-1.3906326293945312,1.8687678575515747,-1.6898834705352783
-0.44943803548812866,0.7631517052650452,0.19351208209991455,2.56278395652771
-2.395043134689331,-2.335613489151001,0.35402509570121765,-0.41136693954467773,2.2839412689208984,-2.510897159576416,-1.9894931316375732
-1.2269548177719116,-1.1511424779891968,-1.0889328718185425,0.3544278144836426,-0.46764007210731506,-1.342858076095581,4.21960973739624
-0.39768385887145996,0.41717013716697693,-2.6257524490356445,1.2371160984039307,-0.1466340273618698
1.0693246126174927,0.004204150289297104,1.4555916786193848,-0.6472777128219604,-1.5009294748306274,0.35972729325294495,0.8042284846305847,3.5368399620056152
-2.261284112930298,-1.9868409633636475,-1.6508539915084839,-1.5244015455245972,-2.8943886756896973,-2.918468475341797,-0.6549509167671204,-1.301937222480774
-0.677181601524353,-1.8067277669906616,-0.9429452419281006,-0.6363841891288757,2.2700486183166504
-0.280558705329895,-3.6044089794158936,-4.078797340393066,0.22668160498142242
-0.18255245685577393,-0.6126250624656677,-2.3538830280303955
-1.0312893390655518,0.5333190560340881,-1.201596975326538,-2.2776105403900146,-0.022944588214159012,-0.6960539221763611
-1.1042312383651733,0.8962371349334717,-0.6555899381637573,1.8744256496429443,0.5104140043258667,-2.2867777347564697
-0.8390265703201294,-0.8978413939476013,1.0117970705032349,3.217268466949463,-0.31212514638900757,-1.1312633752822876,0.7695807218551636
-0.7443506717681885,-1.498305082321167,-2.346236228942871
0.4778415560722351,-0.15855026245117188,1.7509921789169312,2.514488458633423,3.0277626514434814
-1.1203551292419434,-1.5961651802062988,-1.8272184133529663,-1.4059948921203613,-4.627939701080322
-1.5200443267822266,-1.7743074893951416,-3.031348943710327,-0.22724877297878265,-0.9126837849617004
0.41385579109191895,0.22275954484939575,1.2811930179595947,0.4921928346157074
1.2267813682556152,0.6202078461647034,0.6757415533065796,-0.4139106571674347,1.909317135810852,1.9743815660476685,-4.152403831481934
1.863253116607666,1.4229886531829834,1.3041414022445679
-2.361828327178955,0.34796786308288574,-1.6035171747207642
1.5976946353912354,2.8316359519958496,2.68428635597229,-1.8949962854385376,-2.1081902980804443
-1.0547131299972534,-0.868766188621521,-0.5834371447563171,-1.5887283086776733,-1.250364899635315,-3.8984382152557373,3.946347951889038
2.4016036987304688,0.045853473246097565,1.7987866401672363,0.6065639853477478,-0.17197835445404053,1.4494341611862183
1.7286368608474731,2.6829144954681396,2.218773365020752,1.0226404666900635
-0.5684880614280701,-0.1427001953125,-0.19319476187229156,0.4827680289745331,-0.7040950655937195,-4.172689914703369,-1.6361994743347168,0.8575171828269958
-1.1834626197814941,-2.7727012634277344,-2.6444032192230225,-1.024613618850708,-0.919174075126648,-1.1553884744644165
-1.0071629285812378,-1.6682382822036743,-2.355654716491699,-0.46171948313713074,-2.361039161682129,-2.5570220947265625
-2.1051313877105713,-2.7619428634643555,-1.721986174583435,-2.1110446453094482,-2.426264762878418,-3.293386220932007,-0.3918721675872803,1.7115274667739868,4.463376045227051
3.288973808288574,3.2065393924713135,2.423877239227295,2.1054093837738037,2.2442398071289062,2.491398334503174,3.6886119842529297
-0.567959725856781,-1.5497645139694214,-3.259737014770508,-2.976414918899536,-4.297545433044434,0.9590319395065308
-1.3903982639312744,-0.8103094696998596,-0.13861922919750214,0.3246418535709381
0.6384060382843018,1.2733365297317505,-0.29173803329467773
0.4138410687446594,0.3632589876651764,2.004314661026001,1.3515774011611938,1.2963488101959229,-3.4271061420440674
-0.2138843834400177,-0.06652671843767166,-0.885172963142395,0.0719747394323349
0.7734805345535278,1.4096429347991943,2.8925793170928955,-0.10588055104017258
-0.5519706606864929,0.771307110786438,1.256056547164917,-0.9029339551925659
3.0086400508880615,1.9749559164047241,1.5160726308822632,2.2795369625091553
0.782423198223114,0.18715010583400726,1.493214726448059,1.3121652603149414,-0.7501079440116882
0.1440698355436325,1.6876845359802246,1.7624748945236206,3.722409248352051,-4.535184383392334
0.6911176443099976,-0.5257702469825745,-0.12586577236652374,0.8745072484016418
-2.0261592864990234,-1.394270658493042,-1.0156804323196411,3.2429378032684326,-3.574528455734253,-3.617966413497925,-1.5332204103469849
0.15521544218063354,0.6414939761161804,1.2631888389587402,0.9640650153160095,0.026053782552480698,-0.3601866662502289,0.5859676003456116
-0.5410131812095642,-2.235016345977783,-0.6330553293228149,-1.9211876392364502,-1.6534245014190674
0.9940192103385925,1.0413634777069092,2.176553964614868,0.8771160244941711,2.5842018127441406,-2.71927809715271,1.439391016960144,-4.196135520935059
0.7250358462333679,1.4010692834854126,0.6384593844413757,-0.8575364351272583,-0.26905158162117004
-1.4643253087997437,-2.2882962226867676,-0.2582639455795288,-2.1341333389282227,-0.5867531895637512,-2.766184091567993
0.4920361042022705,0.2528130114078522,-0.04766809195280075,0.7991599440574646,1.676931381225586,-0.49056732654571533,0.21238906681537628
-1.0661401748657227,-1.046974539756775,0.567046046257019,-1.436066746711731,-2.06664776802063
1.7905477285385132,1.6831480264663696,0.9535443782806396,1.0136653184890747,0.40996813774108887,3.213203191757202,2.3038179874420166,1.3094432353973389,-0.9858995676040649
2.159158945083618,-0.2928209900856018,1.6111210584640503,-4.898192882537842,3.2610132694244385,1.2520097494125366
0.9087082147598267,0.5209679007530212,2.6583213806152344,2.339581251144409,3.2951529026031494
-1.155403733253479,-1.1332200765609741,0.2673853933811188,-0.07076265662908554,0.21555711328983307,1.949378252029419,-0.38146257400512695
-1.1423829793930054,1.421633005142212,0.44536536931991577,-0.22247308492660522,1.8541572093963623,1.480016827583313
-3.444962978363037,-2.1767971515655518,-0.9343411922454834,-3.8676280975341797,3.1640052795410156
1.7079960107803345,1.4063305854797363,-0.7940230369567871
3.147813320159912,2.3829336166381836,3.2297043800354004,2.0143213272094727,1.138071060180664,2.54671049118042,-3.257692813873291,-2.2232632637023926
0.562319815158844,1.8715181350708008,-0.239630788564682,1.4479070901870728
0.8710231184959412,-0.12956960499286652,0.6369001269340515,1.0958209037780762,-1.3897327184677124
3.440542459487915,1.042048454284668,2.875394105911255,2.023573875427246,0.752629816532135,2.715714693069458
3.0130562782287598,-0.13734346628189087,2.1045916080474854,-1.762703776359558,1.8741214275360107,-1.3356152772903442
-1.6617698669433594,-1.503164529800415,-1.1623443365097046,0.29311561584472656,0.924310564994812
1.8644083738327026,2.145153284072876,0.5744087100028992,0.25259509682655334
2.570338249206543,2.071622133255005,1.8956003189086914,0.3397981524467468,-0.7589226961135864
1.6335148811340332,-0.7051194906234741,-1.466469168663025
-3.0510401725769043,-0.5283282399177551,-3.4197213649749756,-0.15766200423240662
-0.5250488519668579,-1.0561057329177856,-1.0845705270767212,-0.13912296295166016,-1.4995038509368896,-0.2139396220445633
0.04445531964302063,-2.5846476554870605,-3.231675863265991,-1.7139664888381958,1.7058569192886353
-1.5724574327468872,-1.3643372058868408,-1.1203436851501465,-1.3692630529403687,3.0907256603240967,-4.3014116287231445,0.5764182209968567,-0.7671524286270142
0.3200269937515259,1.2922366857528687,1.264339804649353,0.5616662502288818
0.5668452382087708,-0.448194682598114,-0.0713391974568367,0.4426364004611969,0.030694283545017242
-1.321818232536316,1.6519033908843994,-0.2801307141780853,0.6543034315109253,-0.013318016193807125,3.817713499069214,0.8533068299293518
1.8390790224075317,0.9520054459571838,1.5911095142364502,0.012764723971486092,-0.5704637169837952,1.75215744972229,3.420405864715576,2.1944162845611572
-1.167921543121338,-1.9719371795654297,-1.8245261907577515,-1.0639424324035645,-0.6355353593826294,2.0166831016540527
-1.9541878700256348,-1.1462794542312622,-1.783616542816162,-1.2319196462631226,-3.853088617324829
-1.1516817808151245,-1.5100826025009155,-1.16972017288208,-3.5467655658721924,-2.7008988857269287
-0.8519810438156128,-0.20457647740840912,-0.9314475059509277,-1.7522108554840088,-2.40201997756958,-0.29572048783302307,-2.360773801803589
0.7459893822669983,-0.4628947079181671,-0.014151303097605705
-0.10226244479417801,-0.1652906984090805,0.9153295159339905,0.18430884182453156
2.1058237552642822,1.116455316543579,2.0930895805358887,2.116870164871216,1.06843101978302,1.4529343843460083
-1.9288325309753418,-1.5901823043823242,-3.1757278442382812,-2.8311729431152344,0.270956426858902,-2.277993679046631,-1.1337041854858398
0.7753691673278809,-2.6037437915802,1.597074270248413,2.491060733795166,-0.6550633907318115
-2.2528131008148193,-2.0904526710510254,-1.2335362434387207,-0.1837446242570877,-0.0814967229962349,-2.731668710708618
-0.001988422591239214,0.9991973042488098,-0.45367223024368286,0.673121452331543,1.4569710493087769
2.0547807216644287,0.28258857131004333,2.5789620876312256,2.009878396987915,0.32085657119750977,2.0438497066497803,0.3891148567199707,1.6525641679763794
-0.16241149604320526,-0.5242151021957397,-0.4459899067878723,-1.560178518295288
-1.7443010807037354,-1.8975294828414917,-1.1105766296386719,3.313063144683838,-0.4340652823448181
-0.26999884843826294,-1.6446977853775024,-0.7567172050476074,-0.8760147094726562,-0.7713854312896729
-1.6332440376281738,-0.2542424201965332,-1.2476813793182373,-1.6304173469543457,-0.03138570114970207,-0.7458808422088623
-1.5870800018310547,-1.8908138275146484,0.9155930280685425,-1.9633283615112305
0.5387083292007446,0.05016670003533363,-0.954420268535614,-2.941739559173584,-0.37955597043037415
2.9440038204193115,0.788604736328125,0.2894008457660675,1.27383291721344,0.5095393657684326
0.2425011545419693,1.2735477685928345,0.726425051689148,-0.23174268007278442,4.969169616699219
1.298281192779541,2.410576343536377,-0.22265662252902985,1.7420923709869385,1.1736303567886353,1.245928406715393
-0.8563674688339233,-0.47872501611709595,0.11489824950695038,-2.7633564472198486,0.656995952129364,0.11864563822746277,-2.476903200149536
2.537209987640381,2.39587664604187,-1.203447699546814,-4.1079840660095215,1.0636433362960815
-1.1087983846664429,-0.3826790452003479
2.7200937271118164,1.4743982553482056,4.052236080169678,0.47009703516960144
2.2982664108276367,2.2853548526763916,-0.07129441201686859,4.175325393676758,2.4077675342559814,0.18265625834465027,-1.0986484289169312
-1.181684970855713,0.8147034645080566,1.132161021232605,0.9983783960342407,-1.8453012704849243,-0.20835338532924652,0.9298447370529175,-2.733853816986084
0.00498105539008975,-0.8615730404853821,0.5539153218269348,-2.3164689540863037,1.0576039552688599,0.874566912651062,0.053986649960279465,1.2309650182724
-0.8485274314880371,-3.2161777019500732,-1.5333733558654785,-0.7127683162689209,-1.638013482093811,0.22024674713611603,-0.8551115989685059,2.47898006439209
-1.6186604499816895,-1.7351490259170532,-2.181474208831787,-0.09737309068441391,-2.913536310195923,-2.7865171432495117
0.14348110556602478,-0.05386253818869591,-1.5572075843811035,-0.7010319232940674,1.7799769639968872,-0.18655253946781158,0.5266504287719727
-1.6163339614868164,-1.457505702972412,-1.0650444030761719,-1.4767173528671265,-0.4397582411766052,0.006112835835665464
1.2166599035263062,1.8440937995910645,1.9375383853912354,-0.7062526941299438
-1.6426461935043335,-2.347782611846924,-1.7611732482910156,-1.3718980550765991,-2.5827114582061768,1.5389058589935303
-1.087477207183838,-2.131587505340576,-0.6709173321723938,0.1483077108860016
-1.3022139072418213,-1.3451412916183472,-2.1126952171325684,0.10370560735464096
1.2410476207733154,1.093339204788208,-0.32152003049850464,0.8030180335044861,0.4122657775878906
1.8008943796157837,0.8719205260276794,0.7152882814407349,1.3641366958618164,1.8989418745040894
0.6739713549613953,-1.994840383529663,-0.01789851300418377
-0.5515840649604797,-1.6077587604522705,-2.6150565147399902
-0.22806353867053986,0.4446958601474762,1.468841791152954,0.8826146125793457,-0.16812379658222198,-0.729724109172821
-2.0006775856018066,-2.434504747390747,0.38524287939071655,0.4757179319858551,1.2183942794799805,-2.4046900272369385
0.03197810798883438,-0.049820344895124435,-0.7283405661582947,-3.1623291969299316
1.0091674327850342,0.20503398776054382,0.9585267901420593,3.362975835800171,2.9695231914520264
-3.0622198581695557,-1.0179824829101562,-0.9133735299110413,-2.390265941619873,-3.4232897758483887
-1.995961308479309,-1.3118475675582886,-2.1642000675201416,-1.3585789203643799,-2.6242728233337402,0.35257282853126526,-2.4067859649658203
0.7449315786361694,-0.6626295447349548,2.873354434967041,-0.34564700722694397,2.4227612018585205,1.3256714344024658
-1.6139919757843018,-0.3065475523471832,0.30620768666267395,0.8172981142997742,-2.049996852874756,-0.9722344279289246,-0.05669452250003815
1.022199034690857,0.7986594438552856,0.7670885920524597,2.8310699462890625
1.2648829221725464,0.8863915801048279,2.3225643634796143,0.4709720313549042,1.0458122491836548,0.9859174489974976
0.8254731297492981,0.41494321823120117,1.6646629571914673
-1.0061231851577759,0.49865129590034485,0.7658931016921997,-0.9933838844299316,3.799870729446411
-2.099674940109253,-1.3791698217391968,0.41268742084503174,-1.281955361366272,-3.2315287590026855,-0.8849925398826599
-1.3150465488433838,0.6916015148162842,-1.89017653465271,-0.20302826166152954,0.5235465168952942,0.8134505152702332,2.9370925426483154
-0.8366878032684326,-0.15531177818775177,-0.27740833163261414,0.10731746256351471,1.286764144897461,-0.5371443629264832,-0.3116842210292816
-1.8346821069717407,-0.3618626296520233,-2.5059478282928467,0.5335659384727478,-0.7644240856170654,-2.110799789428711,-3.4223461151123047,-3.0112552642822266
-0.434167742729187,1.5515693426132202,-1.824709177017212,-0.8452029228210449,-4.34013557434082
1.7695472240447998,-0.3897760212421417,0.9640035033226013,2.705275535583496,-0.5828763246536255,1.13432776927948
0.2873136103153229,-2.866194009780884,1.0886975526809692,0.03513050451874733,2.3020193576812744,0.3620237112045288
0.30485719442367554,-1.4090853929519653,-0.4607864320278168,-0.9251960515975952,0.07149793207645416,4.725903034210205
-2.3327653408050537,-0.49942275881767273,-1.3804670572280884
0.3201941251754761,0.4984686076641083,0.28114786744117737,1.2321758270263672,-0.7751800417900085,-0.5841902494430542,2.321366786956787
2.2783126831054688,1.777687907218933,2.0636708736419678,2.746342420578003,2.520751476287842,0.400757372379303
-0.39539390802383423,0.12657074630260468
1.9984028339385986,1.767953872680664,2.1217029094696045,1.3439747095108032,2.7444348335266113
2.268191337585449,2.7907657623291016,2.7090280055999756,3.044814109802246,2.189305067062378,2.895409107208252
0.21944916248321533,-1.109371542930603,0.14434604346752167,0.5836734771728516,-2.2910008430480957,-0.2629123628139496,0.9108119606971741
-2.3023905754089355,-2.5108730792999268,-1.4759063720703125,-1.5745848417282104,0.5234525799751282,-3.028083086013794,-0.7856593132019043
1.9513970613479614,1.444946050643921,3.3892641067504883,2.231311559677124,2.822951555252075
0.007596984039992094,-0.6704398393630981,-2.913160800933838,0.07002267241477966,0.7909083366394043,-2.826674699783325
-0.42436695098876953,-0.7669180631637573,-1.8985754251480103,-1.8832671642303467,0.7641385197639465,-1.3543373346328735
-0.6938639879226685,-1.951691746711731,0.17073968052864075,-0.11060996353626251,-0.9245845675468445
-0.2370757907629013,0.36052218079566956
-3.1075265407562256,-0.8339660167694092,-1.3614414930343628,-2.9112093448638916,-0.8019312024116516
-0.5538502931594849,-1.6626739501953125,-1.589172124862671,2.550048589706421,2.67795467376709
0.38467857241630554,0.03368588164448738,0.24077613651752472,0.7907371520996094
0.056719325482845306,-0.8694390654563904,0.4887528717517853,1.939679741859436,-1.3023163080215454
-0.28122639656066895,-0.7389758825302124,1.5820372104644775,2.5032827854156494,-3.982271671295166
-0.7522789239883423,0.40687763690948486,0.5446058511734009,1.1378029584884644
-0.3077905476093292,-0.7786166667938232,0.023995663970708847,-0.8587803840637207,-0.992005467414856,-1.5170199871063232
-2.4577064514160156,-3.0117437839508057,-1.428173303604126,-3.8792471885681152,-0.5733850598335266
-1.4748084545135498,-2.513848304748535,-1.629555106163025,-0.04131510108709335,-2.0743610858917236,-0.5453302264213562
-0.314308762550354,-1.0851455926895142,-1.1392775774002075,-1.1384958028793335,-1.3579341173171997,-0.8261371850967407,2.27618145942688
-0.8047977089881897,-0.8432270288467407,1.3857228755950928,0.1507195681333542
2.861802339553833,3.0024986267089844
-1.0182480812072754,-1.7881834506988525,0.03176840767264366,-1.3629283905029297
1.556122064590454,0.4281177222728729,0.14392296969890594,-0.08727991580963135,-0.35335078835487366
-0.9260114431381226,-1.6465981006622314,-1.290634274482727,-2.6029820442199707,-1.0278602838516235,-1.7953824996948242,-1.870566487312317,-2.304157018661499,-3.2669553756713867
-0.3376785218715668,-1.3272935152053833,0.8909691572189331
-2.436166524887085,1.6441419124603271,-1.1056571006774902,-3.5245068073272705,-1.481529712677002
-1.9303611516952515,-0.7134142518043518,-2.4702963829040527,-1.021075963973999,1.9431177377700806
-1.6198253631591797,-1.2704232931137085,-2.227916955947876,-3.034280776977539,0.6014841794967651,-2.0006349086761475,-0.1817764788866043
-1.2280677556991577,0.1228964701294899,-2.2262840270996094,0.6553616523742676,-1.3752588033676147,1.4625064134597778,-3.546940803527832
-0.22384943068027496,-1.162623405456543,-1.479196548461914,-2.71235990524292,-0.978213906288147,-1.6900544166564941
0.8636502623558044,0.7721912860870361,0.2942982614040375,-2.9479293823242188,1.7522411346435547
-1.2314966917037964,-0.9877162575721741,-1.3692474365234375,-0.37207305431365967,-0.203800231218338,2.9949653148651123,2.8174848556518555
0.5765057802200317,1.5908873081207275,2.5208659172058105,1.2345366477966309
-1.1844472885131836,-1.5404185056686401,-0.7694165110588074,-2.422349214553833,-1.5302412509918213,-2.143319845199585,-2.344552993774414
0.30713486671447754,-0.6959916949272156,-1.1079965829849243,0.5914139747619629,-0.3989403247833252,-1.376550555229187
-0.4259726405143738,0.3147446811199188,-1.360531210899353,0.551059901714325,-0.7277534008026123,0.008262835443019867
-0.9083016514778137,-1.549920678138733,-2.2296998500823975,-0.34188297390937805,-3.498763084411621
-1.6335183382034302,-0.7280479073524475,1.8666168451309204
-0.1120891124010086
-0.42573198676109314,-0.39602455496788025,-1.099441647529602,-0.13537439703941345,-1.6029621362686157
-1.8405485153198242,1.5043493509292603,-0.20554059743881226,0.8602725863456726,3.7102229595184326,0.12543421983718872,-0.8209155201911926
-0.9101404547691345,-1.7864532470703125,-0.819089949131012,1.8816355466842651,1.6939833164215088
-1.0468941926956177,3.2029473781585693,3.0744545459747314
-1.1110962629318237,1.4899715185165405,0.6917279362678528,-1.1467219591140747,-3.018515110015869,-1.85165274143219
-1.4446934461593628,-2.1804215908050537,-2.2757925987243652,-0.9446386694908142,-2.1337428092956543
-0.33533453941345215,-0.31166407465934753,0.6067035794258118,-1.117628812789917,-0.301724910736084
-1.1839715242385864,1.5939725637435913,2.8521311283111572,-3.9400365352630615,-1.387067437171936,-1.46347975730896
0.4419899582862854,0.7270104289054871,1.1159690618515015,0.5865691900253296,-0.3365354835987091,2.105875015258789
-0.8531145453453064,-1.3037219047546387,-1.8549995422363281,-1.3820301294326782
-3.29264497756958,-2.4219326972961426,-1.7422823905944824,1.9729145765304565
-1.0578166246414185,-0.20378302037715912,-1.5994963645935059,-0.5015677809715271,1.0074900388717651
1.2844550609588623,0.6645207405090332,2.232640266418457,1.8383904695510864,0.964976966381073,0.6424641013145447
0.15532968938350677,0.8559998869895935,1.9470189809799194,-0.7739682793617249,0.2560504674911499
-3.259742021560669,-2.7583882808685303,-1.6567455530166626,-2.535639524459839
-0.9447588324546814,-0.902590274810791,-0.33416813611984253,-0.8073948621749878,-0.15916064381599426,0.04645497351884842,-2.8337368965148926
0.5459337830543518,-0.20264796912670135,-0.9642100930213928,2.551457643508911,-0.8074405193328857,-0.15238384902477264,-2.7494149208068848,-3.604255437850952,-0.8728059530258179
0.9241253137588501,-1.049087405204773,0.6574707627296448,-3.9962782859802246
0.46341773867607117,0.22229744493961334,0.8840610384941101,1.2871992588043213,-1.5365859270095825,-0.337446004152298,1.8122193813323975
-1.5628869533538818,-0.7094264626502991,-2.861102342605591
-0.6207167506217957,1.5060919523239136,0.12424195557832718,-0.07838992774486542,-0.6764323115348816,-1.6544772386550903,-0.8436258435249329,-0.1333494931459427
0.003821521531790495,-1.0775254964828491,-0.007137922570109367,-0.647228479385376,-1.1825512647628784,1.1857929229736328,0.9708895683288574
0.062253449112176895,-0.4737229347229004,1.1981579065322876,0.4262200891971588,-0.3854014277458191,-0.7667160034179688
0.8255738019943237,2.0392987728118896,0.4074755907058716,-0.009523864835500717
0.8177898526191711,0.3283534049987793,-0.030622581019997597
-0.9452502727508545,-2.711728096008301,-2.0928955078125,-0.5235255360603333,-0.7298239469528198,-0.9527308940887451
2.6883723735809326,2.1257200241088867,3.6015329360961914,2.137409210205078,2.0137939453125,2.7172882556915283
0.7697106599807739,0.15121214091777802,-0.6192165017127991,1.301971673965454,-0.5195664763450623,0.2833537757396698,0.39669206738471985,-0.175995334982872,-2.859029531478882,-0.09932864457368851
0.724162220954895,-0.17023979127407074,0.5389482975006104
0.06250409781932831,-0.8682259321212769,0.6053398847579956,-1.6650769710540771,-0.7482327818870544
-0.6300214529037476,0.7404913902282715,0.9037715792655945,-0.6977079510688782,0.5086318850517273
3.4331984519958496,0.7215880751609802,1.526974081993103,3.626325845718384,0.021828090772032738,2.3309333324432373,3.1168315410614014,1.135448694229126
1.3715661764144897,-1.038772463798523,0.12288573384284973,2.097487211227417,0.9423903226852417
-0.602534830570221,0.33190569281578064,-0.17710673809051514,-0.0024427869357168674,-2.327965259552002,-1.2184464931488037,0.8546751737594604
-0.3246140778064728,0.20645035803318024,-1.9597928524017334,-0.6811774969100952,0.9918255805969238
2.02317214012146,3.5222203731536865,2.156113624572754,0.9001397490501404
0.19982898235321045,-0.593761146068573,-0.584787130355835,-0.7219759225845337
-0.4064268171787262,1.251680612564087,0.36825963854789734,-0.3853551149368286,0.0873531624674797
2.4646081924438477,-0.07640576362609863,0.6963539719581604,1.9657760858535767
-0.9286898374557495,-0.8184751272201538,-0.3928774297237396,-1.0364400148391724,-3.0885913372039795
0.9279124140739441,-0.822843611240387,1.5994466543197632,0.8078556060791016,-1.414979338645935,-0.8173124194145203
0.4126295745372772,-0.08650637418031693
0.4355332851409912,-1.7650734186172485,-1.1959748268127441,-0.9396283030509949,2.464794635772705,2.4660491943359375,0.26876282691955566
1.7552216053009033,2.9089744091033936,1.2509775161743164,2.3061423301696777,0.3937738835811615,0.9146853685379028,-0.8104667067527771
0.2783434987068176,-0.2470260113477707,-0.13981859385967255,0.12480325996875763,1.526288628578186,-3.8569986820220947
1.0418063402175903,1.4918076992034912,0.7494665384292603,1.2131050825119019,1.494943380355835
-1.8763909339904785,-2.418954372406006,-3.322073459625244,-1.9711476564407349,1.7389875650405884
-2.9125194549560547,-0.639114260673523,-1.0598368644714355,-1.8187494277954102,-0.7769091129302979,3.1120262145996094
0.2940971255302429,0.02774970419704914,1.0993417501449585,-1.141466736793518
0.35297340154647827,-1.2621647119522095,-1.1800832748413086,-1.2188268899917603,-1.0358930826187134
-1.8716273307800293,-1.0716747045516968,-1.688419222831726
0.23561975359916687,1.2304044961929321,-0.2991294860839844,1.5294489860534668,0.9807230830192566,0.20164445042610168,-0.08356299996376038
-1.9420124292373657,-1.1952424049377441,-0.8911470174789429,-1.4681626558303833,-2.1280786991119385,-3.197180986404419
0.3526015281677246,1.086979866027832,1.15263032913208,1.0400304794311523,-0.07396144419908524,-3.2151503562927246
-0.5275828242301941,-1.186374545097351,-0.9837626218795776,-1.9595141410827637,0.16598249971866608,-2.0943503379821777,-2.1462244987487793
-2.961658000946045,-1.893872618675232,-1.4849555492401123,-3.600752830505371,-1.9741449356079102,-1.8525854349136353,-2.54341983795166,-2.3116486072540283
1.1970244646072388,0.8581072092056274,1.4204010963439941,0.35794147849082947,-1.2853814363479614,1.4501551389694214,1.3231843709945679,-4.096992015838623,0.11912481486797333,-0.6237122416496277
-0.4558786153793335,-1.5602946281433105,-0.34055593609809875,-3.2845282554626465,-2.787324905395508,1.7987254858016968,2.5092432498931885,3.780954122543335,-2.4845962524414062
-0.6208734512329102,-0.8778140544891357,-0.7758402824401855,-1.7066521644592285,-1.720149040222168,3.650477647781372,2.4677908420562744
-2.6690099239349365,-4.5192646980285645,-2.666316270828247
0.1512463539838791,0.3247468173503876,-0.27509814500808716,0.7655308246612549,0.5241402387619019,-1.988810658454895,1.6097840070724487
0.6529417634010315,0.6225003004074097
1.1959822177886963,2.2101495265960693,-1.344065546989441
-0.13155360519886017,0.37573257088661194,0.3759426772594452,-0.1263938844203949,1.1102465391159058,0.5593646764755249,-0.4889163374900818
-1.2940442562103271,-0.727005660533905,2.9988887310028076,-1.813247799873352
-0.4586542248725891,0.32390737533569336,-2.5326902866363525
2.290757417678833,0.644623339176178,-1.0237640142440796,0.8266434073448181,1.0902836322784424,1.1332560777664185
-0.1756342053413391,-2.4488961696624756
-0.05624532699584961,1.1090134382247925,1.0701693296432495,0.13697083294391632,0.2939734160900116,0.8325862288475037
0.5666969418525696,1.6743143796920776,2.3816263675689697,0.174238383769989,3.7785966396331787,-2.7619032859802246
-2.7005088329315186,-2.4751408100128174,-2.9659876823425293
0.37717944383621216,-1.1350568532943726,-1.3198049068450928,0.43683767318725586,-2.3034462928771973,-0.6906648874282837,-1.0043116807937622
1.0496543645858765,-3.1127727031707764,-0.17314063012599945
-0.8456584811210632,0.10631804168224335,1.866054892539978
-0.8325108885765076,1.6911060810089111,-0.8633192777633667,0.7568981051445007,0.7663112878799438,1.6835144758224487
-0.10199033468961716,1.6266655921936035,-3.2149252891540527,0.9721643328666687
-0.2316252440214157,-0.1965962052345276,0.7821049690246582,1.5074679851531982,0.18113310635089874
0.24347929656505585,-2.036992073059082,-1.2160745859146118,0.0212433822453022,-0.7417186498641968,0.3125802278518677,-0.6599408388137817,0.010339627042412758,1.0435147285461426
-0.3548756539821625,0.017834413796663284,-0.8644750714302063,-0.4277733564376831,0.8056678771972656
0.819756269454956,0.1516750454902649,1.443625807762146,-0.23570559918880463,0.9523237943649292,1.4116706848144531
1.6472318172454834,3.682345151901245,2.506582498550415,3.070432662963867,2.535735845565796,2.5477888584136963
-0.530979335308075,1.0658469200134277,-0.3900076746940613,0.14705725014209747
0.8585250377655029,-0.6972748637199402,-1.83027184009552,2.674609661102295
-0.7198367714881897,-0.8115668892860413,-0.12284857779741287
1.6968958377838135,1.2236169576644897,1.189760684967041,0.7702062129974365,2.9283087253570557
-2.096503734588623,-2.9762420654296875,-1.6863240003585815,-2.955228805541992,-2.9294681549072266,1.1473965644836426,-0.6202329993247986
-0.006497708614915609,-1.3463788032531738,-0.4697094261646271,0.7557867169380188,-1.9935619831085205,-1.4946368932724,-1.212967038154602
-1.1538639068603516,-0.6968215703964233,-0.5493719577789307,-0.9626005291938782,-1.1983588933944702,0.4988906681537628
3.2565813064575195,1.7391401529312134,2.9019510746002197
-1.3473626375198364,-0.30327343940734863,-1.4840165376663208,-0.2678029239177704,-0.8076183795928955,-0.14961208403110504,3.7026426792144775
-3.1405324935913086,-1.6916316747665405,0.8367719650268555,-1.9600679874420166,3.649014949798584,-2.917987585067749,-4.202383041381836
1.877375602722168,-0.7992510199546814,1.8401544094085693,-2.862713575363159
-1.5552934408187866,-2.3136303424835205,-1.5981261730194092,-1.7273285388946533,-4.238490581512451,-0.6458351016044617,-3.224727153778076
1.216097354888916,0.9959849715232849,-1.0642473697662354
-0.5032448172569275,-0.9759306311607361,2.1967132091522217,0.9648374915122986,-0.11028973013162613,1.0315568447113037,0.23926429450511932,1.1093510389328003
-0.2018621414899826,-1.51030433177948,1.3894964456558228,0.21891838312149048,1.0164114236831665,3.029181718826294,-0.004726592916995287,2.0785107612609863
-2.0953845977783203,-0.4748390316963196,-1.8483816385269165,-0.5686344504356384,-0.5246144533157349,4.577044486999512
-0.7947675585746765,0.291688472032547,-0.159498929977417,-1.1913450956344604,-1.617954134941101,-0.4124215245246887,0.7660888433456421
2.3376054763793945,3.4489283561706543,0.6667318940162659,-2.2387325763702393
-0.8132187724113464,-0.3421820104122162,-0.22802986204624176,-1.20280122756958
-0.8929765224456787,-2.2426154613494873,-0.88680499792099,-0.4529368579387665,-2.7373459339141846
1.233684778213501,1.1110526323318481,0.5904368758201599,2.3872482776641846,0.9864149689674377,1.715287446975708,2.3573524951934814
-0.03577699884772301,1.157155156135559,0.0226606298238039,-0.611727774143219,0.054986290633678436
-2.3912384510040283,-2.5549941062927246,-1.8179776668548584,-2.2565464973449707
-1.1344629526138306,-1.6751177310943604,-1.7459063529968262,-0.5696624517440796,-1.6271690130233765,0.8216972351074219,-0.5025738477706909,-0.28468847274780273
0.11009515821933746,0.1925971359014511,-0.0043915798887610435,0.5532517433166504,-2.236565113067627
0.0033306218683719635,-0.5345127582550049,-0.5823016166687012,4.927473545074463
0.7372031807899475,0.022986020892858505,3.3404574394226074,-2.078519105911255,-0.6040116548538208,-0.3498421311378479,-1.2282214164733887,1.5478885173797607
-0.28669458627700806,0.7370306849479675,-0.2266939878463745,-1.002315640449524,-3.0738251209259033,0.8073870539665222
-2.3118913173675537,-2.0468149185180664,-1.9375652074813843,-1.2271268367767334,-0.41229909658432007
-1.271424412727356,-0.5856215357780457
-0.2295883595943451,1.2886766195297241,-0.3390440046787262,0.25675204396247864
-2.52634596824646,-2.715743064880371,-1.3645853996276855,-2.2149665355682373,-3.2200448513031006,-1.5790774822235107,-3.7897160053253174,-2.5526537895202637
1.720520257949829,1.1392896175384521,0.493775337934494
3.6105058193206787,1.8635215759277344,2.4773950576782227
-0.37373483180999756,0.037008970975875854,0.15868310630321503,-2.184060573577881,0.5116125345230103,-0.8503999710083008
1.484887719154358,2.6656734943389893,1.057956337928772,0.35514599084854126,1.467553973197937,1.4787594079971313
0.9009997248649597,0.5979278087615967,-2.067288398742676,1.650767207145691,4.152951717376709,-1.279959797859192,-0.2858937978744507,-1.5185710191726685
-1.372685194015503,-1.9027631282806396,-2.302948474884033,-1.3682706356048584,-0.4418399930000305
1.1982512474060059,-0.6374819874763489,0.6353633999824524,-0.36018067598342896,0.6593379974365234,-0.34118756651878357
1.7099021673202515,2.404999017715454,2.2113142013549805,0.21630920469760895,1.7788656949996948
1.1858774423599243,2.428960084915161,2.982762575149536,3.179898738861084,1.9667221307754517,0.9744905233383179,-1.6879074573516846
-1.3659051656723022,-1.3097169399261475,0.08740551024675369,-1.2783209085464478
2.765348196029663,0.9101070165634155,3.314598321914673,0.8655816912651062,1.071313500404358
2.3670318126678467,0.5439130663871765,0.4295089542865753,3.4554283618927,0.7837468385696411
-0.3953040838241577,-0.7287099361419678,0.5700724124908447,-0.7792650461196899,1.3909883499145508,0.055014997720718384
2.8650522232055664,2.406928062438965,1.7336041927337646,1.288144588470459,1.0358901023864746,2.8560099601745605,3.5879783630371094,2.461611747741699
-1.439676284790039,-1.2411783933639526,-1.7203528881072998,-0.8489710092544556,-0.22940072417259216,-0.6094927787780762
-1.733420968055725,-0.6438650488853455,-0.22381290793418884,-0.08017732948064804,-0.5855890512466431,0.3830643892288208,-1.985107660293579
1.3454972505569458,1.8066871166229248,0.8405731916427612,0.8847221732139587,3.1983113288879395,1.581488013267517,4.848252773284912
-2.2616307735443115,0.08097448945045471,-1.777174472808838,-1.0779790878295898,-0.0081100482493639
-0.012371831573545933,3.3400790691375732,-3.3919315338134766,-2.562124490737915
2.3787057399749756,0.11074720323085785,2.317276954650879,2.317018747329712,1.3830320835113525
-2.4505109786987305,-2.4357950687408447,-1.8197553157806396,-2.1788275241851807
0.7955562472343445,0.2038852870464325,-0.9020416140556335
0.41212087869644165,1.200262427330017,-1.4947068691253662
1.6114474534988403,2.171499729156494,1.6524851322174072,0.6517395377159119,1.3924232721328735,1.9278935194015503,0.9602901339530945
-0.112139992415905,1.7923094034194946,3.11605167388916,-0.6898363828659058,-1.0341655015945435,1.554198145866394
1.6668055057525635,1.4066671133041382
-1.55696702003479,-1.5428048372268677,-2.303964376449585,-0.47089409828186035,0.3924071490764618,-0.6056256890296936,0.029749613255262375
-2.5164170265197754,-2.1871337890625,-2.9849767684936523,-2.5326087474823,-1.8627331256866455
-0.3552911579608917,-1.4925450086593628,0.1090623140335083,-0.12947018444538116,-0.004522818140685558
0.7975761294364929,1.5307303667068481,1.4073973894119263,-1.8737291097640991
-1.2645989656448364,-2.5412991046905518,-1.6800614595413208,-2.6426584720611572,-2.495540142059326,-1.601413607597351
3.063295841217041,2.7959723472595215,2.207066774368286,1.4036774635314941,2.4959731101989746,2.730781316757202,2.16886568069458,-2.3613054752349854
0.4287712872028351,-2.3059916496276855,-0.7215651869773865,-1.6739823818206787,-2.1968026161193848
-1.2275323867797852,-1.2153124809265137,-1.470888376235962,-2.165116548538208,-1.7437312602996826,-0.5226487517356873,-1.0715075731277466
-0.744048535823822,1.444549798965454
-0.35571080446243286,0.9953810572624207,-0.5039646625518799,-1.6083598136901855,0.35047104954719543,-0.6792612075805664
1.2260388135910034,0.48112422227859497,0.2833070158958435,0.9556777477264404,-0.45619824528694153,-0.07957778126001358,1.3896733522415161,-1.4630926847457886
-1.0414828062057495,-1.4132144451141357,-0.5392249226570129,-1.7525651454925537,0.783734917640686
0.5931857228279114,-0.4609249532222748,0.8833833336830139
-0.7542157769203186,-0.6343835592269897,0.2391662448644638,-0.8770380020141602
1.956365942955017,1.4443647861480713,1.3465646505355835,1.9514613151550293,2.6207079887390137
-1.7834722995758057,-0.34755828976631165,-1.3253004550933838,0.9419981241226196
0.28254756331443787,0.8209283351898193,0.16786354780197144,0.920817494392395,-0.6086709499359131,1.309499740600586,-3.801926374435425,1.8198776245117188
-0.39593541622161865,-0.029345722869038582,0.057193078100681305,-0.5096212029457092,-3.966279983520508,-1.1959973573684692,0.7598709464073181,-1.2270715236663818,4.176602840423584
0.006123178172856569,-0.7319530248641968,-1.0227134227752686,-0.2538110613822937,-2.4708051681518555,-0.5000751614570618
-1.3417919874191284,-1.2003835439682007,-0.24489465355873108,-2.0210726261138916,0.00028692669002339244,0.6055670380592346
-1.0566891431808472,-1.4322930574417114,-1.7559089660644531,-2.1079678535461426,-0.4364384710788727,-1.17733633518219
-1.2778047323226929,1.264107346534729,-3.977423906326294,-3.183176040649414,0.27355751395225525,1.2564481496810913,-0.5367685556411743
-2.613922119140625,-1.7132463455200195,-1.6515986919403076,0.08513502031564713
1.8525147438049316,-0.8143478631973267,1.1729991436004639,-0.23503972589969635,-1.4635647535324097,1.347545862197876,0.891649067401886,-1.020972490310669
1.3480929136276245,-0.3698807656764984,0.6607127785682678,-0.16706819832324982,0.2018633633852005,2.7359352111816406
0.7603949308395386,0.8403581380844116,1.2253912687301636,1.116442322731018,0.5985917448997498,1.4325779676437378,0.9045154452323914,1.629254698753357
-0.891520082950592,-2.870868682861328,-2.172776460647583,-0.9023598432540894,-0.008219927549362183,-1.3279790878295898
1.0440232753753662,-0.5895564556121826,0.11933553218841553,-1.3026586771011353,0.41016003489494324,-0.9407023191452026
-0.5201050043106079,0.6781942844390869,1.2439496517181396,-1.3360850811004639,-1.6392611265182495,-0.8783800005912781
-2.8484954833984375,-1.5260154008865356,-3.346747398376465,1.0695576667785645
1.2960338592529297,0.09065345674753189,2.4320430755615234,1.3896243572235107
1.1998685598373413,0.5638617277145386,0.22957998514175415,0.9696413278579712,0.11864335089921951
1.926703691482544,2.9149632453918457,-0.5240379571914673,3.803698778152466
2.789067268371582,0.16737250983715057,1.6167042255401611,1.7644753456115723,-2.1962954998016357
-0.08135049045085907,0.5790244936943054,0.8656285405158997,-0.974818766117096,0.7370885014533997,0.022159483283758163,1.7688469886779785,0.7763120532035828,-0.3523682653903961
1.8133889436721802,-0.1639740765094757,0.5300799608230591,0.9917241930961609,3.1643288135528564
1.5700631141662598,0.5518618822097778,0.6227293610572815,-0.11432550847530365,0.05830133333802223
0.0015711073065176606,1.946501612663269,1.190878987312317,0.5368270874023438,1.93422269821167
1.3706001043319702
-0.9197368621826172,-2.2349050045013428,-2.317669153213501,-0.3246977627277374,-1.9223452806472778
-0.030290454626083374,0.5580793619155884,1.3692957162857056,1.28249192237854
2.307732343673706,-0.3094673156738281,1.9860097169876099,-0.0863577201962471,-0.23578615486621857,0.5151757001876831,4.602594375610352
0.028909403830766678,-0.9967538118362427,-1.124531626701355,1.039146065711975,-1.0623338222503662,-0.4774027168750763
0.08057650178670883,2.5656158924102783,1.451560616493225,1.7589744329452515,0.2593807578086853,2.8974902629852295,0.2740090787410736,0.223423570394516,0.9368966817855835
1.1430931091308594,-0.04575223848223686,1.397154688835144,0.2733359634876251,1.9068106412887573
1.5051548480987549,1.7891744375228882,1.2360352277755737,1.4998722076416016,2.7795956134796143,-0.7011605501174927,1.0319206714630127,-4.000964164733887
1.8738205432891846,0.5019501447677612,1.1579495668411255,0.3456561863422394,1.8971754312515259,1.2661223411560059
-1.7373980283737183,-2.4860310554504395,-1.3249646425247192,-2.6126532554626465,-1.5677621364593506,-0.3357754647731781,-1.0033824443817139
1.4866089820861816,0.9489573240280151,0.6476678848266602,0.8284506797790527,1.9783674478530884,-2.2266275882720947,-1.3432731628417969,1.1700783967971802
1.2924901247024536,1.212679147720337,0.37653616070747375,1.8803833723068237,1.0973145961761475
-0.641052782535553,-1.3451459407806396,-0.7825316190719604,-1.9057490825653076,0.23749452829360962
1.4812780618667603,0.0315060093998909,-1.207707166671753,1.9544141292572021,-0.4068937301635742,0.43211129307746887,2.257162094116211
-0.24380123615264893,-1.1230559349060059,-0.24219703674316406,0.5629196166992188,-0.7307133674621582,-0.9190600514411926,-3.1020936965942383
-0.5886937379837036,-0.08171628415584564,-0.7278279662132263,-1.4763727188110352,-0.758834958076477,-0.16458061337471008,-1.5498251914978027
0.18323330581188202,0.8306207060813904,-0.19408288598060608,-0.8286870718002319
-0.762176513671875,-0.8960585594177246,-1.6027809381484985,-1.345347285270691,0.19568488001823425
-1.4323307275772095,-0.9623055458068848,-0.7145655155181885,-2.156179428100586
2.104215145111084,3.140902280807495,0.754974365234375
0.8962565064430237,1.258277177810669,-0.979231059551239,-3.6783084869384766
-0.30644097924232483,0.48454201221466064,2.385930061340332,1.247480869293213,1.732136607170105
1.5232523679733276,1.2986488342285156,1.4677419662475586,1.6106878519058228,0.6365103721618652,1.8260408639907837,0.30774858593940735
-0.5408207178115845,0.4865386486053467,0.24160802364349365,-0.2750818431377411,-1.6194034814834595
-0.41755175590515137,-0.1654636710882187,-0.10043013840913773,3.598263740539551,1.2044810056686401
-2.3344128131866455,-2.4990408420562744,-2.4202401638031006,-0.9849860072135925
2.6549768447875977,2.571906805038452,3.1325490474700928,1.8517138957977295,1.9234250783920288
-2.4950873851776123,-0.4785948097705841,-1.207940697669983,-1.5505226850509644,-4.158498764038086,-3.1702542304992676,0.17566311359405518
1.0470153093338013,0.021017875522375107,0.5884705185890198,0.07617314904928207,-0.10332737118005753,1.755906581878662,1.2180886268615723,2.066215753555298
1.186440348625183,-1.201344609260559
1.3647568225860596,0.5314949750900269,2.0954391956329346
0.34699851274490356,1.7977526187896729,0.27971673011779785,-1.5482888221740723,-0.2822362184524536
1.9568912982940674,0.9070572257041931,0.6633214950561523,-1.4296904802322388,1.6802366971969604,0.945347249507904
-0.21494892239570618,-0.27024587988853455,0.22660739719867706,0.6099870204925537,2.2147161960601807,-1.438934326171875
-0.8446537256240845,0.4087747037410736,0.36950767040252686,0.130947083234787,1.7606451511383057,-1.6683326959609985,-1.6433274745941162
-1.60563325881958,-2.3682854175567627,-2.02830171585083,-1.5577045679092407
-0.27348217368125916,1.4163970947265625,-0.12714219093322754,1.0358251333236694,0.4906359612941742,-1.049726128578186
0.5831805467605591,-0.16062632203102112,1.0011248588562012,-1.2731351852416992,1.7458291053771973,-1.0389885902404785,-0.8181480765342712
-1.9175174236297607,-1.0229952335357666,-1.4721510410308838,-2.427459478378296,-0.4361708164215088,-4.758533954620361,-1.700350284576416,-2.616713047027588
2.1907029151916504,1.7064988613128662,3.009390354156494,-3.3111932277679443,0.8313504457473755,2.2511847019195557,0.309768408536911,-0.40790626406669617
-0.23351149260997772,1.0137512683868408,1.0702558755874634,1.038923740386963,-0.22002939879894257,-0.029069561511278152
1.609021782875061,1.8593108654022217,1.5366638898849487
0.335922509431839,-0.7835599184036255,1.5086427927017212,0.5687596797943115,0.04511939361691475
0.20868739485740662,2.0834202766418457,1.362870693206787,1.1424130201339722,-0.04401975870132446
-2.4975221157073975,-1.2982637882232666,-2.916506290435791,-2.1633033752441406,-2.6336560249328613,-0.7134721279144287,-0.21625210344791412
0.3237711489200592,1.731086015701294,1.30478835105896,1.169132947921753,0.019019873812794685,0.9384012222290039
-0.09848900139331818,-3.0857276916503906
-2.185870409011841,-0.27052029967308044,-1.8422490358352661,-0.5171270966529846
0.4127967655658722,2.2212796211242676,2.8565170764923096,1.5170060396194458,1.9675227403640747,0.7094647884368896
-0.5623610615730286,-1.9795671701431274,-0.6747952103614807,-1.168653964996338,-3.00258207321167
2.5808515548706055,3.3138747215270996,1.6347393989562988,0.1255965232849121,1.0029674768447876,-0.5761627554893494
1.2960125207901,-0.8742610216140747,-0.5899569988250732,-1.9296995401382446,1.042022466659546,2.3034040927886963
-0.36527854204177856,-0.2848891615867615,0.4774264097213745
-0.5661941766738892,-1.3170526027679443,-0.388354629278183,-0.03288135305047035
1.2355530261993408,0.47429293394088745,1.2249622344970703,2.545971393585205,3.0033533573150635
0.7985857129096985,-0.27792778611183167,1.012315034866333,0.33908936381340027,0.7785210609436035,-1.8486136198043823
-0.7449167370796204,-0.5927882194519043,-0.7601290345191956,-1.0220975875854492
-0.6468575596809387,-0.35512101650238037,-2.7017908096313477,-1.6912841796875,-1.8629852533340454
-2.8844685554504395,-1.185468316078186,0.1140647828578949,-1.079967975616455,-2.6281495094299316,-1.489412784576416,-2.593599796295166
3.0500104427337646,0.7223677039146423,1.386389970779419,2.7561118602752686,-0.18347729742527008,2.077512264251709
-1.2025387287139893,-1.218845009803772,-1.6950368881225586,-2.221464157104492
-0.63288414478302,-1.3302901983261108,-1.567429780960083,-0.34262025356292725,-2.3871710300445557
1.9657281637191772,2.142453908920288,-0.1844661682844162,1.691052794456482,0.5540197491645813,2.022325038909912,-0.13420294225215912
-0.9413532614707947,-2.142354726791382,-1.9265762567520142,-2.4093434810638428
0.5389241576194763,-1.3573544025421143,-2.145134449005127,-3.6724720001220703,-0.984841525554657,0.7979266047477722,1.5279998779296875,-1.624257206916809
-1.4214773178100586,-1.0072064399719238,-2.078648805618286,-3.65868878364563,0.07805927842855453
-0.794237494468689,-1.438652515411377,-0.23557043075561523,-1.6066254377365112,-0.5147969126701355
-3.1006290912628174,-1.922074317932129,-1.5464367866516113,-1.6076804399490356,-2.0139048099517822,-1.5411627292633057
0.7732470035552979,1.7161383628845215,0.5852394104003906,-0.13429562747478485
0.8108713626861572,0.38238123059272766,1.6974254846572876,-2.997465133666992
-0.13432654738426208,1.5356955528259277,1.3271452188491821,2.0085771083831787,-0.590628445148468
-1.102218508720398,-1.6896743774414062,-0.7963555455207825,-1.0858029127120972,-1.6973413228988647,2.1441664695739746,-0.2758977711200714
3.006838083267212,0.44701287150382996,-0.4816840887069702,2.2560038566589355,1.464195966720581,-0.9553942680358887
-0.2517877519130707,1.2335284948349,-1.1179364919662476,0.3066522181034088,-0.037315115332603455,4.836328983306885
0.10488108545541763,-1.7412364482879639,0.7274201512336731,-2.2056634426116943,-0.3270767629146576,-2.283245325088501
0.8071260452270508,0.3428220748901367,-0.36789342761039734,0.33501535654067993,-1.6968973875045776,1.906882405281067
-1.1755623817443848,0.905030369758606,-2.052476167678833,-2.773641347885132,-1.7370712757110596,-4.780340194702148
-2.2583720684051514,-1.4346388578414917,-2.8345139026641846,-2.098548650741577,-2.318237066268921,-2.4489519596099854
0.094418965280056,1.02590012550354
-1.9797621965408325,-1.8964672088623047,-3.0776171684265137,-1.0846515893936157,3.4535629749298096,0.7534246444702148,-1.6798689365386963
1.8399341106414795,1.875853419303894,1.1230617761611938,1.6473274230957031
-1.3906689882278442,-0.8639879822731018,0.22140824794769287,-1.7064799070358276,-0.9769632816314697,-4.078872203826904
0.5172384977340698,1.5133240222930908,0.18282054364681244,1.1998229026794434,0.8253132104873657
-2.427955389022827,-2.678175210952759,-3.750584602355957,-2.3471121788024902,-4.020392894744873,-1.3589195013046265,-0.6658243536949158
0.6789878010749817,1.0243301391601562,-0.5732622742652893,1.9981461763381958,-0.6313419342041016,-3.0521743297576904,1.92567777633667
0.9384598135948181,-3.1280479431152344,1.2133822441101074,-0.21555350720882416,-2.2590343952178955
0.6564019322395325,-0.1319873034954071,-0.0596918947994709,1.1840202808380127
0.0013720638817176223,0.7809818387031555,-0.6138379573822021,-1.2027947902679443,-0.7080490589141846,-2.2421233654022217
-0.5548365116119385,-1.758955955505371,-1.5603355169296265,2.2466421127319336,-1.1357125043869019
-0.13832712173461914,-1.028442144393921,-1.8798726797103882,-0.06424839049577713,1.0941888093948364,-1.8368364572525024
-1.6370611190795898,0.5527415871620178,0.6232849955558777,-0.06139092892408371,3.40311598777771,2.842055082321167,-1.1046690940856934
-0.6333627700805664,-0.02573130652308464,0.41023942828178406,1.7389001846313477,-0.9853227138519287
-2.738823890686035,-2.7673256397247314,-3.1402387619018555,-2.453859329223633,-2.7355527877807617,-3.733497381210327
-1.11464524269104,-1.073331594467163,-1.6502344608306885,-2.292056083679199,-1.5079632997512817
0.953495442867279,2.276832342147827,1.3510537147521973,2.0978760719299316,3.458833932876587,1.6075907945632935,2.3121237754821777
-0.33166006207466125,0.010018208995461464,-0.8008003830909729,1.1539082527160645
-0.8971850275993347,-1.330012321472168,-1.617572546005249,-2.2114367485046387,0.4901840090751648,-1.2224485874176025
-0.868571400642395,-0.34338653087615967,-1.313667893409729,-0.5498783588409424,0.4667082130908966,-0.1101996898651123,2.632568359375
2.441376209259033,1.9093886613845825,0.6865113973617554,0.0965011715888977,0.8349243402481079,2.5962464809417725,2.2981390953063965
1.0577960014343262,1.069467544555664,0.4633949100971222,1.8592617511749268
0.7326976656913757,1.0013138055801392,0.10232634097337723,-1.8084155321121216,-1.1607829332351685,-2.272738456726074
-0.7352527976036072,-1.670322060585022,-0.960648775100708,0.627848744392395,0.6777209639549255
2.999678611755371,1.22013258934021,2.0291757583618164,1.5198893547058105,1.8317703008651733,3.703876495361328
-0.868111252784729,-2.555232524871826,-2.9234306812286377,-1.4214917421340942,-2.1441164016723633,0.16876716911792755
-0.539433479309082,0.6747964024543762,-1.0441488027572632,-0.1773405522108078,1.5941721200942993,-0.1093166321516037
-0.5420345664024353,1.2726225852966309,-0.6782656908035278,0.5320518612861633,2.57363224029541
-1.0922404527664185,-1.2542798519134521,-0.7356690168380737,-1.694294810295105,0.9990149736404419,0.390398770570755
-0.4114917814731598,0.11679095774888992,-0.6448935270309448,-0.653300940990448,0.3275814652442932,1.0615445375442505
-1.0294678211212158,-0.8384513854980469,-0.7909141778945923,-1.597687840461731,0.4519963264465332
-0.8860780000686646,-1.1876718997955322,-0.09444062411785126,-2.738346576690674,-2.374565839767456
0.1460312306880951,-0.07704966515302658,1.6528304815292358,-0.029070110991597176
1.7547941207885742,1.918500542640686,0.9103816151618958,4.246307373046875
-0.20721754431724548,0.5766876935958862,1.1287460327148438,-0.15636694431304932,1.6056230068206787,2.0370945930480957
-0.10676936060190201,-1.3766558170318604,2.566098213195801,0.358502060174942
-1.4490793943405151,-1.7369533777236938,4.378243923187256,-2.2708091735839844,-1.2252334356307983,-2.4389195442199707,0.5374723672866821
0.940349280834198,2.1617517471313477,0.8062362670898438
-1.4173258543014526,-0.3202790319919586,-1.883448839187622,-0.36378517746925354,-1.1962050199508667
-1.2438099384307861,-2.518688440322876,-0.0751260444521904,-0.522991955280304,-2.0103566646575928
2.324537754058838,3.428295373916626,3.178323984146118,1.0659704208374023,2.862719774246216,2.2233009338378906
0.6284602284431458,1.2206720113754272,0.7669416069984436,1.261346697807312,0.9371570348739624,0.32558658719062805,3.732947826385498
