132.36965942382812,126.55326843261719,68.8838882446289,48.86463928222656,10.986103057861328
153.74966430664062,99.7174301147461,34.954689025878906,27.8048038482666,18.068851470947266
85.26924133300781,92.0241928100586,13.79064655303955
109.31958770751953,60.32621765136719,50.63669967651367,53.49894332885742,48.92618179321289,17.566707611083984
58.02304458618164,48.814754486083984,38.04837417602539,39.57247543334961,32.66935348510742,26.32140350341797,19.101463317871094
127.44973754882812,93.76596069335938,68.16128540039062,41.18415069580078
67.17982482910156,76.23654174804688,24.779752731323242,31.99896812438965
72.14137268066406,72.350830078125,39.86015701293945
47.076045989990234,55.01169204711914,39.243873596191406,37.4195556640625,13.648042678833008
75.50112915039062,74.64112091064453,55.09556579589844,68.03165435791016,35.3621826171875,13.197376251220703,23.51134490966797
75.52717590332031,69.73298645019531,68.48027801513672,58.073238372802734,21.3850154876709
100.2972183227539,66.85888671875,44.314453125
20.212669372558594,60.36082077026367,56.079898834228516,65.5917739868164,30.955371856689453
80.22425079345703,59.735191345214844
93.17347717285156,89.20122528076172,30.00811767578125,21.664318084716797
118.09042358398438,48.85670471191406,43.33098220825195,28.862886428833008,14.652301788330078,19.349925994873047
165.3251953125,109.01565551757812,94.387451171875,33.30012893676758,31.2029972076416,32.332176208496094
71.37138366699219,53.022071838378906,38.22589874267578,39.72367858886719,17.772974014282227,31.008115768432617
25.94809913635254,15.01159954071045,15.810934066772461,16.32866668701172
88.28202819824219,74.32649230957031,46.0363883972168,49.64508819580078,44.16300964355469,27.134614944458008,21.419137954711914,26.93030548095703,11.94914722442627
74.44261932373047,61.62834548950195,64.75621032714844,62.43198013305664,34.01509475708008,23.783245086669922,23.12855339050293,20.465473175048828
75.4952392578125,47.04247283935547,27.22149658203125,13.913660049438477,8.641286849975586
82.78855895996094,73.71917724609375,74.77645111083984,65.23112487792969,24.211645126342773
70.88325500488281,24.737323760986328,24.096330642700195,18.380109786987305
135.573486328125,63.355674743652344,22.73798942565918
86.26595306396484,70.78143310546875,39.6151008605957,39.40348815917969,51.06396484375,15.118308067321777
90.44718933105469,44.52642059326172,20.12323570251465,18.753456115722656,52.80842208862305
64.29621124267578,53.46745300292969,14.276249885559082,11.083271026611328
61.43281936645508,50.16106033325195,53.4429931640625,28.5156307220459,21.495222091674805
60.81936264038086,50.01004409790039,43.839298248291016,34.603572845458984,29.226980209350586
64.25442504882812,42.69375228881836,37.087303161621094,23.866369247436523,22.1209659576416,30.731786727905273,17.439172744750977
71.8897705078125,58.897945404052734
97.26593780517578,33.11875915527344,8.155610084533691
58.3252067565918,51.58600997924805,52.12270736694336,37.39628601074219
94.47158813476562,19.017913818359375,15.809555053710938,13.609305381774902
115.8530044555664,135.8999786376953,53.17155456542969,43.439781188964844
81.81016540527344,89.95396423339844,64.79898071289062,31.506717681884766,29.38772964477539,16.930227279663086
59.954227447509766,61.766273498535156,59.87236785888672,26.741928100585938,32.27406692504883,19.903518676757812,28.59116554260254,22.605009078979492
95.11978912353516,55.282859802246094,14.543925285339355
150.36468505859375,22.240806579589844,19.60479736328125
69.66085815429688,58.71678924560547,88.08956909179688,54.70427703857422,20.378515243530273,23.097732543945312
116.67086029052734,40.82583236694336,42.044639587402344,27.5800724029541
80.0783462524414,69.53141784667969,62.35054397583008,52.72188949584961,22.804630279541016,28.270307540893555,26.32845115661621
70.54195404052734,79.30599212646484,32.40804672241211,32.564876556396484,29.06078338623047,36.7427864074707,17.724376678466797,20.17112159729004
81.0122299194336,34.81414794921875,32.87393569946289,26.721824645996094,9.2880859375,11.692957878112793
115.75442504882812,102.96638488769531,57.94476318359375,50.657535552978516,41.086524963378906,38.538387298583984,16.879125595092773
129.15866088867188,88.95616912841797,76.30809020996094,64.42163848876953,46.097415924072266,11.519695281982422
83.32830047607422,77.749267578125,57.331886291503906,65.62104797363281,40.11862564086914,40.05947494506836
73.3017578125,57.26554489135742,39.541072845458984,22.920045852661133,15.225863456726074
60.43233108520508,49.90158462524414,49.57548141479492,27.056621551513672,48.152061462402344,25.276227951049805,18.844940185546875
93.7160415649414,81.69617462158203,43.73826217651367,39.73368835449219,25.686243057250977,8.534954071044922
73.16669464111328,67.28583526611328,43.69178771972656,28.830501556396484,41.789127349853516,30.767986297607422
58.58073043823242,51.44649124145508,40.97543716430664,13.659509658813477
96.91083526611328,102.54473114013672,50.26191329956055,35.26274108886719
213.74554443359375,116.72720336914062,37.623558044433594,25.14573860168457
154.92327880859375,146.6294708251953,90.10086059570312,17.523029327392578,17.7314395904541,16.58650016784668
60.817298889160156,40.782249450683594,13.683677673339844,37.28030014038086,42.00600051879883,32.176841735839844,26.831878662109375,22.02216911315918,12.429725646972656
92.29435729980469,89.5363540649414,56.747230529785156,52.60881805419922,38.394229888916016,19.720842361450195,15.52450942993164
124.15580749511719,94.75917053222656,73.5044174194336,40.30757522583008,32.39794921875,27.16886329650879,10.98293399810791,18.675750732421875
89.0616683959961,90.68630981445312,44.8001823425293,33.959228515625,31.323104858398438,19.169126510620117,11.189537048339844,15.67007064819336
111.52692413330078,76.5525894165039,32.85759735107422,22.93811798095703,32.2645263671875
117.03399658203125,66.29952239990234,42.99407958984375,21.7101993560791
109.0423355102539,101.98651123046875,41.81470489501953,39.36283874511719,27.28141212463379
62.1672477722168,35.10734939575195,38.8819694519043,20.520309448242188
178.830078125,185.1188507080078,53.77019500732422,16.904687881469727
74.00690460205078,72.56327819824219,29.039684295654297,10.447061538696289,16.591224670410156
92.7807846069336,66.47872924804688,42.23189163208008,36.193843841552734,38.06471633911133,23.14594078063965,19.87247085571289
139.45578002929688,72.97822570800781,34.53118896484375,49.623130798339844,21.76450538635254,9.216204643249512,20.476154327392578
44.35360336303711,58.85934829711914,47.7579345703125,46.025760650634766,24.853961944580078,17.587329864501953
97.66400909423828,51.517234802246094,66.16499328613281,65.55968475341797,30.324031829833984,22.69955062866211
118.59170532226562,80.86688995361328,60.45421600341797,40.56461715698242,28.977697372436523,17.71756935119629,22.312509536743164,31.42238426208496
74.6617660522461,45.807472229003906,30.988370895385742,26.588651657104492,39.233436584472656,38.659767150878906
153.86813354492188,121.60295867919922,75.5140609741211,78.5295181274414,58.240821838378906,48.41352462768555,24.64364242553711,17.620967864990234
72.99087524414062,42.86509323120117,24.215965270996094,34.92477035522461
173.1173858642578,160.44927978515625,42.565975189208984,24.434200286865234,22.1599178314209,17.359851837158203
232.8283233642578,194.0599822998047,90.3908920288086,50.784217834472656,59.999603271484375
150.2101593017578,32.11729049682617,30.530155181884766,27.665489196777344,15.696020126342773,25.958181381225586
42.62593078613281,47.07862091064453,19.83993911743164,27.375614166259766,21.420114517211914,33.23344039916992,10.393389701843262
73.80364227294922,43.06847381591797,47.021114349365234,41.5803108215332,36.468505859375,11.222058296203613
91.63912963867188,98.05961608886719,44.78043746948242,42.466800689697266,29.20429039001465,22.872976303100586
70.49943542480469,39.404701232910156,33.031375885009766
52.180564880371094,45.130802154541016,50.12001037597656,24.998218536376953,23.596481323242188,13.549867630004883
78.44438934326172,82.97207641601562,50.94076919555664,43.9957160949707,36.32743835449219
79.65235137939453,63.67786407470703,25.98528480529785,22.043127059936523,22.44225311279297
49.78694152832031,48.840511322021484,41.59575271606445,26.387882232666016,32.64431381225586,16.646615982055664,25.718902587890625,18.933937072753906,20.88190269470215
108.21153259277344,86.39019012451172,66.41912841796875,62.464866638183594
70.21639251708984,70.41339874267578,51.83657455444336,38.18964767456055,22.829776763916016
109.8740463256836,90.51614379882812,54.2938232421875,22.42975425720215
74.9749526977539,60.924495697021484,24.63710594177246,31.079212188720703,18.01091766357422
136.6520538330078,111.2471923828125,105.64134216308594,74.39265441894531,63.112422943115234,45.9849739074707,20.63324546813965
59.32834243774414,41.86955642700195,18.9384822845459,23.872154235839844,33.22382354736328,18.52781867980957,21.998571395874023
189.70675659179688,174.39874267578125,130.2731475830078,114.06517028808594
60.783905029296875,59.162879943847656,60.40065002441406,45.98259735107422,50.890892028808594,10.880471229553223,27.754003524780273,15.44364070892334
125.3773422241211,84.17521667480469,85.0674057006836,52.00509262084961,41.98379135131836,39.28266143798828,24.892038345336914,17.899744033813477
84.96965789794922,16.768165588378906,54.758888244628906,27.452289581298828,33.89799118041992,8.407279014587402,14.684645652770996,20.270187377929688
64.4015884399414,40.548500061035156,40.17081832885742,43.51851272583008,31.232177734375
67.34455871582031,52.26589584350586,72.89490509033203,39.92207336425781,27.2993221282959,29.68745231628418,13.400550842285156
115.5323486328125,84.32859802246094,30.3499755859375,25.977418899536133,28.211246490478516
72.6287841796875,69.70942687988281,43.472896575927734,48.23361587524414,18.217069625854492,17.965160369873047,19.19109535217285,19.762969970703125
65.15709686279297,61.86479949951172,47.44480514526367,22.461767196655273
117.73324584960938,93.46688079833984,86.37158203125,62.52145767211914,47.88166427612305,13.643275260925293,8.226749420166016
126.96910858154297,77.3971939086914,51.81179428100586,68.82483673095703,18.948904037475586,15.937097549438477
168.3237762451172,172.32177734375,116.66658020019531,47.74004364013672,40.083106994628906,30.85719108581543,29.61175537109375
59.37049102783203,39.618717193603516,50.26969909667969,14.836318969726562
80.99256896972656,44.28773498535156,35.02988052368164,28.60686492919922,31.050445556640625,23.747310638427734,11.553295135498047
130.3876190185547,58.74846267700195,14.751106262207031
76.35021209716797,28.3678035736084,61.72773361206055,15.146659851074219,20.068103790283203
82.42981719970703,72.52918243408203,75.32355499267578,64.58789825439453,50.12790298461914
70.98609924316406,58.56694793701172,37.295562744140625,32.409454345703125,31.969993591308594,13.868306159973145,16.206676483154297,13.416438102722168
81.15629577636719,67.69351959228516,60.05689239501953,60.354774475097656,66.17886352539062,30.531749725341797,16.267135620117188
56.40301513671875,57.74848556518555,58.11222457885742,37.637672424316406,20.14818572998047
169.06240844726562,159.48129272460938,102.73104095458984,49.34608840942383,23.222780227661133,22.010669708251953,18.48015594482422
92.10167694091797,72.02508544921875,50.524051666259766,33.38837432861328,33.86202621459961
57.34974670410156,29.844636917114258,44.52244567871094,32.047264099121094,28.51337432861328,27.10007667541504,28.341793060302734,24.52682113647461
60.3236083984375,53.18425750732422,46.97175598144531,42.164207458496094,11.233591079711914,25.320188522338867,15.700455665588379
93.64521026611328,71.20215606689453,40.58247375488281,32.92597579956055
147.69622802734375,103.8993148803711,74.40668487548828,34.10901641845703,54.732479095458984,37.3199577331543,26.474525451660156,19.31885528564453
94.11320495605469,89.75942993164062,41.36705780029297,34.65513610839844,28.991695404052734,22.84757423400879
120.13752746582031,105.81053161621094,50.32078170776367,43.77727508544922,27.64792251586914,25.82402992248535,26.462238311767578
150.9326171875,139.0768280029297,107.01079559326172,55.775047302246094,23.148666381835938,22.388511657714844,15.569586753845215,17.479787826538086
112.61678314208984,72.68936920166016,32.34612274169922,33.08700942993164,17.435359954833984,11.804603576660156,21.067296981811523,15.960844039916992
135.42352294921875,71.27561950683594,31.55167007446289,15.523836135864258
63.70481491088867,68.4528579711914,46.445091247558594,33.73981857299805,29.347929000854492,15.829451560974121
98.85417175292969,121.89608001708984,51.21347427368164,47.03352355957031,37.71331787109375,21.04153060913086
77.81948852539062,42.072505950927734,55.745643615722656,41.909202575683594,23.640382766723633,9.839987754821777,23.068504333496094
81.96619415283203,65.54093170166016,55.98917770385742,57.337127685546875,39.74136734008789,14.996930122375488,13.331178665161133
69.68978118896484,54.31248092651367,56.26078414916992,37.97854995727539,25.60706901550293
172.3556671142578,154.72679138183594,52.15748596191406,27.50755500793457
118.55542755126953,136.98126220703125,44.072181701660156,22.72598648071289,15.774955749511719,16.449556350708008
62.29270553588867,79.67179870605469,43.1074104309082,13.471446990966797,28.449569702148438,21.2674617767334
139.21408081054688,103.76360321044922,54.871280670166016,45.027587890625,26.898378372192383,34.257041931152344,20.584232330322266
108.0639419555664,63.971290588378906,56.73078918457031,31.007905960083008,15.111623764038086,14.497188568115234,8.996040344238281
38.484344482421875,36.54304885864258,8.524773597717285,8.241031646728516
119.99459075927734,47.78147506713867,58.89003372192383,19.904090881347656,13.610928535461426
37.51014709472656,15.84298324584961,17.494632720947266
79.14019775390625,39.78425979614258,24.37895965576172,31.195295333862305,9.783833503723145,22.017316818237305
99.44633483886719,54.10559844970703,24.819259643554688,16.077648162841797
95.60228729248047,50.48504638671875,64.93280029296875,52.41646194458008,43.19993209838867,18.88703727722168,23.237812042236328,8.247733116149902
64.61851501464844,69.39010620117188,59.14803695678711,54.82329177856445,40.135345458984375,24.195255279541016,13.530529975891113,18.39668083190918
74.55094909667969,52.14952850341797,44.406978607177734,30.234474182128906,18.54832649230957
83.3924560546875,77.60675048828125,42.536155700683594
103.45086669921875,71.6056900024414,31.176517486572266,17.55388641357422
95.0496826171875,77.17011260986328,20.17914581298828
91.61001586914062,86.71560668945312,67.32807159423828,57.59904861450195,48.36009979248047,33.23725128173828
112.89273834228516,92.02055358886719,98.82732391357422,97.00576782226562,17.214763641357422,14.869828224182129,18.369457244873047
151.5591278076172,23.338272094726562,38.91232681274414,31.38397789001465,15.609319686889648
137.4897003173828,67.32368469238281,52.078704833984375,49.1229362487793,16.83757209777832,14.860212326049805
97.49856567382812,89.02156066894531,66.44194030761719,43.28336715698242
79.62425994873047,67.31526947021484,42.006065368652344,37.951602935791016,32.58164596557617
86.91944122314453,50.06679153442383,53.204837799072266,46.65742111206055,24.41141700744629,24.26264190673828,27.58281898498535,13.72497844696045,9.337596893310547,16.81606674194336
103.08129119873047,78.72669219970703,64.64117431640625,25.226987838745117
68.887939453125,58.15333938598633,30.2589111328125,34.07728576660156,29.375732421875,14.204499244689941
86.19772338867188,48.80931854248047,48.566505432128906,46.7419319152832,30.380138397216797,23.08374786376953,13.177759170532227,15.121747016906738
64.0145034790039,51.19160461425781,28.96460723876953,33.92524337768555,24.25092315673828,22.907756805419922,17.179786682128906
144.79244995117188,105.531005859375,89.21830749511719,17.515625
95.41832733154297,67.84207916259766,52.60837173461914,44.68617630004883,15.588773727416992,9.507102012634277,11.695414543151855
92.44398498535156,44.93157196044922
99.8819580078125,30.490461349487305,30.99493980407715,10.446322441101074,22.770845413208008,22.4160213470459,15.028212547302246
82.37864685058594,62.91835403442383,41.318050384521484,56.148799896240234,41.70917892456055,8.907866477966309,29.39581871032715,15.581021308898926
102.20550537109375,54.56525802612305,38.23733901977539,33.6191291809082
48.36300277709961,53.164180755615234,36.548824310302734,23.80434226989746,26.272876739501953,22.107332229614258
69.93246459960938,35.18994140625,28.80320167541504,26.119373321533203,26.418577194213867,20.944860458374023
83.34889221191406,65.54287719726562,15.1371431350708
124.6265869140625,57.474609375,53.5103759765625,37.519935607910156,31.698749542236328,37.524574279785156,23.31719398498535
151.76364135742188,144.41798400878906,124.54341888427734,129.5932159423828,49.122718811035156,33.68952178955078,28.245681762695312,12.297776222229004,16.586387634277344
98.35324096679688,105.76300048828125,41.38821029663086
56.584537506103516,30.48845863342285,24.382783889770508,32.989837646484375,13.736456871032715,17.111230850219727,16.465566635131836
97.83257293701172,60.31682586669922,52.52973175048828,35.87186813354492,17.564725875854492,15.7455472946167
75.89364624023438,53.51652526855469,71.11834716796875,51.498085021972656,44.52290344238281,37.40708923339844,25.47325897216797,9.639151573181152,31.093990325927734,18.427993774414062
98.14195251464844,87.2004623413086,60.66911315917969,29.651445388793945,17.73000144958496
38.702735900878906,41.55137252807617,38.39603805541992,30.551517486572266,20.8861083984375,27.976097106933594,18.052228927612305
184.48350524902344,108.56998443603516,124.31558990478516,64.64574432373047,29.979677200317383
95.50386810302734,86.99180603027344,59.54945373535156,35.58585739135742
50.75496292114258,46.57401657104492,29.092327117919922,19.110862731933594,35.41182327270508,23.021669387817383,9.346345901489258
84.86038208007812,37.9981575012207,37.34089279174805,16.494903564453125,23.688304901123047
120.37088775634766,60.42433166503906,39.55689239501953,40.33148956298828,15.154203414916992
130.35398864746094,116.98677062988281,85.5992202758789,79.23404693603516,10.279399871826172,20.757240295410156,17.172338485717773
206.6714630126953,84.81072235107422,77.40946197509766,58.61430358886719,64.55181121826172,12.97961711883545
92.36537170410156,70.0922622680664,39.76723098754883,27.04050636291504,14.9009428024292,15.322148323059082,19.974319458007812
135.6205596923828,96.04820251464844,75.88912963867188,44.50896072387695,40.33462142944336,20.074739456176758,13.443867683410645
68.23780822753906,56.70316696166992,63.9764289855957,11.222583770751953,25.902313232421875
80.18692016601562,63.24140548706055,44.23442459106445,39.014583587646484
69.53345489501953,41.19295120239258,24.65028190612793,13.551743507385254,13.089935302734375
107.81183624267578,94.80322265625
88.0237045288086,63.68077850341797,49.69624710083008,22.143749237060547,57.70778274536133,8.558993339538574
123.6859130859375,65.28860473632812,56.67912673950195,38.66033172607422,27.093198776245117,25.75084114074707,16.532821655273438
88.094970703125,60.156612396240234,48.511234283447266,19.474836349487305,22.400188446044922,14.625219345092773
117.99653625488281,52.26871109008789,72.11463928222656,21.6423397064209,29.624277114868164,12.324662208557129,17.080371856689453
79.05020141601562,75.66096496582031,42.57691192626953,32.48542404174805,24.260482788085938,17.884422302246094,15.392256736755371,13.794507026672363
82.28260040283203,65.73485565185547,51.74058151245117,27.69817352294922,19.559337615966797,10.249990463256836,13.180359840393066
119.0490493774414,104.36127471923828,16.51680564880371,16.992778778076172,17.46129035949707
139.8224639892578,106.25858306884766,76.90972900390625,52.60298538208008
79.35041809082031,93.361572265625,73.21045684814453,63.56919860839844,37.4461555480957,24.649919509887695
126.11310577392578,10.23676872253418
102.23526000976562,88.20176696777344,69.77024841308594,63.57192611694336,34.05046844482422,33.658897399902344,11.36502456665039,11.268902778625488
156.5080108642578,127.75835418701172,100.92256927490234,97.24723815917969,11.474037170410156,11.752298355102539
76.9655990600586,47.92534637451172,42.80002212524414,10.481512069702148,38.12236404418945,27.764305114746094
77.39260864257812,62.42987823486328,24.70379066467285,27.233688354492188,51.75067138671875,22.720918655395508,9.420076370239258
140.29409790039062,116.15331268310547,98.8774642944336,42.03651428222656
88.0914535522461,93.55535888671875,45.2236442565918,41.74128341674805,37.45191192626953,16.826711654663086,19.309038162231445
60.44723129272461,32.83427810668945,39.56250762939453,13.165973663330078,9.161827087402344
121.13407897949219,127.55852508544922,40.541873931884766,40.23085021972656,25.30699348449707,16.02655792236328,16.17403221130371
77.77782440185547,65.25761413574219,58.12467956542969,42.912296295166016,26.784664154052734,32.203094482421875
102.4709701538086,15.845376014709473,61.074642181396484,53.67992401123047,16.501367568969727,15.755407333374023
71.31713104248047,71.56542205810547,63.650569915771484,68.94833374023438,37.344932556152344,20.903106689453125
65.12176513671875,63.009029388427734,45.31119918823242,40.211387634277344,16.404531478881836
84.50935363769531,70.60738372802734,14.041411399841309,36.913475036621094,23.218669891357422,25.18560028076172,23.12919044494629
103.90229797363281,66.71875,59.820892333984375,47.4088020324707,40.82454299926758,23.838165283203125,36.559844970703125,8.486834526062012,19.071916580200195
239.66375732421875,44.36056900024414,46.1358642578125,22.53137969970703,23.002239227294922
108.62696075439453,92.19275665283203,58.60071563720703,15.134968757629395,13.92839527130127,29.696449279785156,20.440237045288086
87.7704849243164,47.90485763549805,36.9453010559082,24.959552764892578,26.476882934570312,23.796926498413086,17.150596618652344,12.88240909576416,33.652503967285156
118.27002716064453,86.69550323486328,78.72660827636719,90.05741119384766,76.1325912475586,13.656706809997559
74.07804107666016,66.95248413085938
85.84550476074219,52.34370422363281,49.922943115234375,26.478139877319336
165.3179168701172,145.41725158691406,80.39994049072266,55.54304885864258,42.16230010986328
140.64913940429688,81.89474487304688,73.50556182861328,22.760995864868164,41.07651138305664,33.62139129638672,22.85175323486328,13.776512145996094
52.400596618652344,29.52182960510254,18.32543182373047,28.7017765045166,9.965185165405273
103.03594970703125,95.7894287109375,23.471416473388672,17.731534957885742,20.91948699951172,25.358747482299805
130.82810974121094,113.4367446899414,97.21825408935547,42.256717681884766,34.94309616088867
98.73992919921875,46.405277252197266,27.529003143310547,26.114734649658203
58.64397048950195,38.36611557006836,45.18437194824219,20.84571647644043,31.691925048828125,28.844284057617188
93.66070556640625,69.7759780883789,18.63280487060547,11.211923599243164,15.669137954711914
103.74011993408203,89.7373275756836,72.166748046875,39.45463180541992,18.8397216796875,9.62431812286377
93.39811706542969,85.3737564086914,42.68006134033203,30.85352325439453,23.589473724365234,24.997581481933594,12.422087669372559,11.890045166015625
92.93350219726562,71.94342803955078,51.93819046020508,34.38355255126953,27.384403228759766,22.777620315551758,19.358863830566406,21.262243270874023
91.40265655517578,56.68612289428711,34.52829360961914,34.12443542480469,34.67490005493164,40.46112060546875,23.25153350830078,12.844881057739258,12.004595756530762
88.80958557128906,81.90241241455078,32.80447769165039,25.2277774810791,26.043270111083984
102.89379119873047,50.20389175415039,48.70745086669922,36.17450714111328,24.04857063293457,20.323713302612305
94.77742004394531,80.69942474365234,55.0410270690918,45.47865676879883,45.58171463012695,56.038578033447266,24.21088409423828,14.856544494628906
49.122093200683594
54.29413986206055,42.28112030029297,27.867456436157227,26.242469787597656,27.294536590576172,20.78676414489746,17.758331298828125,23.188827514648438,11.06128978729248
81.10421752929688,70.57183837890625,58.2573356628418,35.689186096191406,34.49824142456055,17.76402473449707,27.203950881958008,25.648523330688477,21.65804100036621
94.58084869384766,89.24375915527344,50.202518463134766,13.623910903930664,20.446178436279297,15.4536714553833,16.880483627319336
51.302734375,14.642460823059082
73.09646606445312,78.63984680175781,23.45008087158203,25.79611587524414,13.975032806396484,22.498327255249023
94.98915100097656,80.6070556640625,78.41443634033203
90.28778839111328,79.39995574951172,39.63075637817383,39.12971496582031,34.23258972167969,16.486806869506836
70.25645446777344,60.09014892578125,67.466552734375,43.037864685058594,39.585113525390625,44.193199157714844
69.53849792480469,81.50943756103516,47.38179397583008,23.43242073059082,24.14678192138672
142.17318725585938,49.549591064453125,42.24383544921875,26.997879028320312
66.86406707763672,55.78511428833008,60.83549118041992,57.08439636230469,62.509490966796875,49.145164489746094,25.411767959594727,16.56962013244629
169.6850128173828,52.64282989501953,53.48054504394531,29.90109634399414
43.6204833984375,60.73373031616211,37.59893035888672
130.29859924316406,68.21104431152344,57.50044250488281,20.33390235900879,25.977521896362305
46.93422317504883,27.19499397277832,24.51847267150879,30.920175552368164,20.375978469848633
94.23088836669922,83.78179168701172,38.86527633666992,34.12772750854492,29.888410568237305,28.43980598449707,13.695598602294922
111.06631469726562,64.58763122558594,90.18746948242188,24.843238830566406,37.96915817260742,13.0965576171875,17.810684204101562
84.75680541992188,49.412967681884766,26.58131217956543
92.14234924316406,67.17646789550781,63.27901077270508,75.19184112548828,36.42896270751953,28.047252655029297,17.563039779663086
159.12435913085938,88.82280731201172,61.089271545410156,54.587615966796875,30.305381774902344,21.87919807434082,14.214118957519531
68.69744873046875,64.26821899414062,46.57822799682617,49.951934814453125,36.05712127685547,13.34946060180664
363.41827392578125,307.5235900878906,139.883544921875,66.53704833984375,34.832759857177734,14.619709014892578
91.15510559082031,67.70317077636719,81.67829132080078,67.77616882324219,27.41371726989746
111.85509490966797,73.49610137939453,57.480003356933594,37.892730712890625,27.88654327392578,13.20620059967041
83.70658111572266,82.1404800415039,34.26633834838867,17.55607795715332
70.57726287841797,38.53522872924805,50.61505889892578,39.22500991821289,34.182464599609375,40.29896545410156,20.240558624267578,12.18689250946045
155.32955932617188,18.153566360473633,72.67668151855469,58.39900207519531,46.993465423583984
57.59632873535156,51.52192306518555,33.609920501708984,28.507049560546875,29.324214935302734,24.496572494506836
68.92820739746094,86.0017318725586,68.44145202636719,45.431949615478516,27.12332534790039,25.874343872070312
98.44280242919922,57.39629364013672,59.84195327758789,51.12705612182617,19.05782699584961,32.119869232177734
126.57364654541016,141.27969360351562,35.91666030883789
129.54586791992188,96.28327178955078,35.449440002441406,62.19013977050781,38.75741958618164,38.177310943603516,21.385116577148438
96.78075408935547,49.53155517578125,27.314435958862305,11.451285362243652,21.906740188598633,20.202489852905273
162.69027709960938,73.39485931396484,71.95610809326172,24.049741744995117,55.57763671875,47.786949157714844,32.24787902832031
88.42710876464844,67.39510345458984,68.32614135742188,50.6954231262207,15.140153884887695,27.51755714416504,26.865324020385742,22.345653533935547,12.193280220031738
236.7850799560547,95.7668228149414,80.10790252685547,66.6673355102539,36.50259017944336,16.7569637298584,16.018089294433594,33.0535774230957
89.96246337890625,81.8421859741211,50.56753158569336,46.460174560546875,32.45882034301758,30.621562957763672,26.081241607666016
110.85225677490234,58.90564727783203,66.5184097290039,36.59531784057617,26.303539276123047,30.55943489074707,16.959348678588867
62.537540435791016,86.00299835205078,54.203285217285156,47.73847579956055,36.28082275390625,17.51019859313965,28.05280113220215,14.754794120788574,22.732507705688477
108.21647644042969,83.0792465209961,63.59700012207031,50.93943786621094,50.94375991821289,19.81259536743164
82.13529205322266,40.003517150878906,19.89463233947754
76.33616638183594,72.80622863769531,29.84177589416504,37.91820526123047,28.361602783203125,18.65410804748535,14.840558052062988
122.52164459228516,65.66082000732422,60.778358459472656,56.1425666809082,20.627727508544922,28.467056274414062
61.13490295410156,64.29661560058594,66.69961547851562,33.66696548461914,31.97281265258789,27.03605842590332,38.31410217285156,24.523712158203125
131.03695678710938,101.17721557617188,94.93997955322266,70.54251861572266
42.158538818359375,19.265398025512695
105.39573669433594,82.7255630493164,87.63473510742188,63.374507904052734,56.3136100769043,38.60826873779297,10.449403762817383,13.652873992919922
44.33176040649414,37.96673583984375,35.28662109375,25.395652770996094,23.324447631835938,19.280752182006836,16.374717712402344
104.61992645263672,33.700904846191406,37.524532318115234,19.293222427368164,19.844158172607422
77.97313690185547,74.63777923583984,47.24393844604492,51.291873931884766,31.67586326599121,17.8266544342041,24.469921112060547
51.931434631347656,54.759254455566406,62.81834030151367,38.395809173583984,42.686859130859375,27.39694595336914,12.420297622680664
49.38928985595703,71.69657897949219,63.57126235961914,49.59544372558594,51.73670196533203,31.0102481842041,18.123903274536133
100.44991302490234,97.8935317993164,50.58721160888672,40.526283264160156
103.55104064941406,60.70559310913086,56.71322250366211,57.29739761352539,19.19370460510254,21.574207305908203,24.561439514160156,12.707317352294922
153.42576599121094,119.74470520019531,58.99810791015625,59.56850051879883,28.39647674560547,28.908849716186523,17.977903366088867,15.62137222290039,13.713319778442383,24.42024040222168,16.082902908325195
123.64863586425781,70.27583312988281,43.775028228759766,28.230712890625,28.792871475219727,19.727567672729492
77.36441040039062,70.3402099609375,38.595027923583984,26.39763641357422
81.2755355834961,78.44248962402344,43.289283752441406,22.78508949279785,16.914405822753906,16.639232635498047,19.487037658691406
202.89585876464844,190.48980712890625,161.1770782470703,35.691131591796875,16.66033363342285,17.378681182861328
210.09593200683594,162.65318298339844,78.51875305175781,33.595603942871094,21.74888801574707,25.1970157623291,14.830878257751465,20.569995880126953
107.08232116699219,107.6662826538086,50.75660705566406
53.26738739013672,72.87588500976562,50.427974700927734,40.761444091796875,19.026025772094727
86.68717956542969,57.89005661010742,61.37608337402344,28.05455780029297,25.935871124267578,30.976703643798828
30.279373168945312,41.86601257324219,14.05235767364502,18.753978729248047,11.668657302856445
51.12969970703125,40.69486618041992,34.73751449584961,14.035833358764648,15.03791618347168,12.087394714355469
41.63190460205078,21.89175033569336,30.279443740844727,8.841543197631836,26.72126007080078
122.72993469238281,137.99703979492188,47.01713943481445,26.311870574951172,26.379657745361328
58.1674919128418,46.27714157104492,30.49921226501465,27.76407814025879,31.935110092163086,20.84244728088379
125.41998291015625,139.99000549316406,86.5456314086914,75.1463623046875,23.222864151000977,23.431196212768555
84.79817962646484,37.875423431396484,27.60110092163086,26.38818359375,25.243553161621094,23.934831619262695
110.51486206054688,113.57139587402344,61.53242492675781,76.97551727294922,18.651153564453125,13.094191551208496,10.255678176879883
93.00032806396484,67.64430236816406,57.04338836669922,10.991198539733887
36.051055908203125,52.87908172607422,50.2725715637207,39.556217193603516,35.66237258911133,29.54387664794922
81.47136688232422,71.62577819824219,34.088741302490234
79.76724243164062,74.68233489990234,49.736976623535156,41.392250061035156,24.129880905151367,19.068470001220703
100.24388885498047,69.8642578125,57.007476806640625
60.67483901977539,36.35430145263672,32.88754653930664,11.136698722839355,17.93400764465332,14.097387313842773
165.03936767578125,90.62294006347656,17.864587783813477,18.23316192626953
94.12803649902344,59.4207878112793,19.45088005065918
64.06694793701172,50.086002349853516,43.497005462646484,38.365962982177734,39.57305908203125,25.915771484375,21.412982940673828,19.099666595458984
94.01249694824219,71.82464599609375,29.687524795532227,23.987497329711914,33.539039611816406,16.969682693481445,16.769161224365234,17.923845291137695
73.50538635253906,111.03816223144531,99.08998107910156,56.58987045288086,34.06731414794922,17.938915252685547,19.661691665649414,17.856361389160156
68.06160736083984,64.3156967163086,30.879735946655273
73.49750518798828,71.15359497070312,43.768245697021484,47.841400146484375,30.405569076538086,16.600887298583984
179.47628784179688,128.54200744628906,58.398380279541016,48.80442810058594,19.687786102294922
188.26275634765625,171.9918212890625,74.80493927001953,43.41250228881836,15.822644233703613,15.343496322631836,15.345178604125977
104.42060852050781,76.8857650756836,43.792423248291016,31.698001861572266,33.35478973388672,23.89110565185547,18.002965927124023
115.57063293457031,97.88565826416016,61.6197509765625,75.85453033447266,12.023670196533203,26.994041442871094,19.01456069946289,15.242133140563965,10.39706039428711,27.151288986206055
79.58537292480469,73.36679077148438,65.99534606933594,36.943702697753906,31.137218475341797,25.578842163085938,16.155494689941406
137.7412872314453,97.30059051513672,57.40877151489258,53.61505889892578,28.738513946533203
91.88391876220703,45.0947151184082,16.595264434814453,26.730833053588867,21.92568588256836,27.85128402709961
110.75294494628906,60.18921661376953,51.759246826171875,15.506593704223633,16.300941467285156,11.30972671508789
98.72007751464844,63.646644592285156,49.65973663330078,46.264488220214844,38.263370513916016,22.46793556213379,15.942355155944824
148.29544067382812,127.5736083984375,72.223388671875
78.58380889892578,35.465335845947266,35.56552505493164,26.804866790771484,10.85141372680664,8.538419723510742,23.085498809814453
46.6207275390625,50.46173858642578,32.24991226196289,28.992494583129883,25.739904403686523,17.676176071166992,14.90054988861084
89.73530578613281,73.82967376708984,49.659847259521484,49.552947998046875,37.47956466674805,17.350271224975586,14.873924255371094,16.117307662963867
74.10009765625,36.23296356201172,44.23600387573242,48.47056198120117
121.79417419433594,79.12464141845703,52.338623046875,31.719009399414062,16.612911224365234,25.447233200073242
171.99488830566406,38.01420974731445,27.13051414489746,20.53294563293457
218.3746337890625,165.9823760986328,90.7998275756836,77.60809326171875,71.77869415283203,32.24086380004883
83.54689025878906,47.59771728515625,47.37578582763672,40.13984298706055,26.968685150146484,21.05142593383789,18.53542709350586
60.81633758544922,69.74482727050781,43.79704284667969,27.093069076538086
130.1324005126953,73.7374267578125,49.70421600341797,34.99903106689453,19.960132598876953
203.40518188476562,191.2623748779297,90.26385498046875,58.05905532836914,36.11904525756836,28.095726013183594
74.91128540039062,34.380123138427734,26.64642333984375,8.362092018127441,18.449169158935547
77.0946273803711,62.431758880615234,61.55683898925781,24.876739501953125
74.4548110961914,55.18528747558594,63.18376541137695,41.63359451293945,43.4296760559082,37.37599563598633,15.623213768005371,28.573442459106445,10.229775428771973
176.5177764892578,88.04637145996094,95.6011962890625,19.142377853393555,12.296713829040527
103.90612030029297,21.332536697387695
70.38101196289062,54.09055709838867,19.13654136657715,17.519363403320312
25.54512596130371,115.25233459472656,71.4048843383789,34.1279296875,8.875163078308105,16.791343688964844
103.16096496582031,98.2677230834961,67.81230163574219,40.14171600341797,16.777807235717773,33.13276672363281
127.02555847167969,107.175048828125,77.39591217041016,79.5881118774414,44.240028381347656,35.180484771728516,20.130413055419922
105.78724670410156,67.87948608398438,71.56098937988281,27.068443298339844
72.02651977539062,45.48335266113281,57.22068405151367,43.798892974853516,24.00104522705078,14.941658973693848
529.7979125976562,373.0140686035156,70.33550262451172,38.21385192871094,18.57550621032715,13.957396507263184
97.86539459228516,51.87799072265625,46.04653549194336,35.652767181396484,16.104528427124023
233.3304443359375,99.21976470947266,48.181968688964844,43.54548645019531,34.65047836303711,13.902313232421875,18.442373275756836,16.611785888671875
170.85044860839844,130.8104705810547,58.61475372314453,38.451873779296875
103.55921173095703,64.86019897460938,55.39046859741211,33.599552154541016,12.184392929077148,34.88039779663086,32.7655143737793,21.689695358276367,9.418074607849121,12.43247127532959
107.97937774658203,80.08797454833984,55.50947570800781,51.864009857177734,20.93695831298828,12.246352195739746
93.8676528930664,71.08788299560547,53.462162017822266,42.1065673828125,48.941986083984375,34.47251510620117
51.60087585449219,60.108428955078125,47.769535064697266,19.666366577148438
49.38212203979492,57.030338287353516,48.74399948120117,44.0876579284668,46.371910095214844
84.74736022949219,122.8469009399414,85.98844146728516,67.70970153808594,55.38242721557617,26.748485565185547,32.89786148071289,11.392423629760742,25.109905242919922
147.8080291748047,76.77721405029297,55.18070602416992,40.568843841552734,30.643917083740234,24.982892990112305,27.1849365234375
142.8179168701172,116.27044677734375,41.46296691894531,23.669519424438477,28.579370498657227,32.844200134277344,20.520797729492188,20.248476028442383
165.28305053710938,153.45114135742188,140.23068237304688,117.01378631591797,70.48917388916016
67.61372375488281,49.603355407714844,28.01848793029785,15.468903541564941
104.34375762939453,74.30458068847656,67.40723419189453,24.070110321044922,25.39019203186035,18.00945281982422,17.598920822143555
92.4985580444336,39.92482376098633,40.08843231201172,35.597225189208984,27.442161560058594,23.851160049438477,18.443674087524414
84.06168365478516,33.473052978515625,37.67965316772461,24.27770233154297,28.99653434753418,17.577619552612305
100.22734069824219,72.98332214355469,39.37229919433594,34.86149215698242,25.981874465942383
120.08292388916016,49.215538024902344,44.549346923828125,29.750913619995117,26.67037582397461
151.32252502441406,79.68418884277344,72.79674530029297,62.37263870239258,11.03859806060791
259.5931701660156,83.1123046875,63.41653823852539,37.588592529296875,8.97649097442627,25.813312530517578,20.507339477539062
57.683006286621094,29.07354164123535
103.88935089111328,97.51897430419922,94.95262908935547
88.99816131591797,43.8761100769043,32.30824279785156,45.20804977416992,11.60202407836914,22.28782081604004,22.616849899291992
114.35902404785156,132.77626037597656,15.563007354736328,22.1153507232666,8.106822967529297
40.58456039428711,49.90000915527344,46.58592987060547,26.692718505859375,21.74977684020996
152.60479736328125,136.6527862548828,43.63654708862305,32.78091049194336
78.13216400146484,58.73232650756836,35.303672790527344,28.323366165161133,25.434144973754883,23.613597869873047,20.860004425048828,13.43677043914795
86.87007141113281,59.3266487121582,44.980125427246094,47.91911315917969,30.881439208984375,21.226179122924805,23.56554412841797,21.271337509155273,8.051955223083496,21.166738510131836
90.0886001586914,67.1688461303711,62.30015182495117,39.218135833740234,20.89183235168457
81.99894714355469,38.498966217041016,37.04109191894531,27.488235473632812
200.08328247070312,92.84603118896484,32.99899673461914,17.571699142456055,21.3383846282959,20.124149322509766
100.26866149902344,29.262876510620117,8.850621223449707,12.420440673828125
88.3468246459961,98.03682708740234,72.70488739013672,49.89635467529297,42.94158172607422,31.627695083618164,24.634613037109375,14.286767959594727
214.8092498779297,117.94038391113281,97.78160858154297,75.09540557861328,68.16243743896484,11.36396598815918
129.5056610107422,75.4040298461914,33.690250396728516,22.281991958618164
111.97479248046875,125.80345153808594,58.76810836791992,73.53466796875,19.683746337890625
100.29563903808594,50.08907699584961,24.613601684570312
76.98042297363281,27.348426818847656,39.39570236206055,34.35715103149414,28.270206451416016,27.132713317871094,17.231882095336914,13.074854850769043
56.51752471923828,50.43223571777344,32.13630676269531,29.44709587097168
105.06656646728516,107.2871322631836,37.309242248535156,54.373409271240234,42.9393196105957,26.007675170898438,17.544504165649414,15.285407066345215
93.27610778808594,53.33488845825195,53.02508544921875,17.765647888183594
149.6993865966797,86.07598876953125,19.9822940826416,35.12637710571289,44.23365020751953
130.76048278808594,90.37388610839844,59.176109313964844,13.374770164489746
77.7633285522461,185.3683319091797
99.10182189941406,65.53263092041016,46.201194763183594,43.117340087890625,41.487579345703125,27.03135108947754,17.0755615234375,10.508663177490234
210.68450927734375,22.825536727905273
62.24267578125,49.110172271728516,24.710784912109375,12.317439079284668,16.72303009033203
165.05848693847656,167.23179626464844,92.79667663574219,17.272768020629883,10.303779602050781
394.462890625,385.564208984375,13.634269714355469
134.97552490234375,61.562530517578125,57.60353088378906,55.040626525878906,26.1800594329834
55.772342681884766,27.06501579284668,17.44460105895996,12.613544464111328
89.55530548095703,65.9260482788086,42.2601203918457,31.42239761352539,31.859872817993164
77.59288787841797,78.51593780517578,66.3884048461914,50.66605758666992,39.32498550415039,21.35590934753418,11.76744270324707
135.51226806640625,150.909912109375,27.9330997467041,17.785425186157227,11.033910751342773,14.722726821899414
82.86871337890625,60.7625732421875,74.07073211669922,76.25143432617188,66.2278823852539,25.90361213684082,31.58272933959961,21.411075592041016,18.86457633972168,23.430131912231445
98.74297332763672,97.85103607177734,90.7655258178711,47.406105041503906,20.832361221313477,11.836106300354004
79.77877044677734,71.12755584716797,39.35445022583008,40.084686279296875,28.519540786743164,23.662992477416992,19.7783260345459,16.251550674438477
87.16293334960938,47.75655746459961,25.1884822845459,47.68023681640625,21.16891098022461,13.693390846252441,13.312676429748535
