0.7517324090003967,-0.43271273374557495,0.7041606903076172,1.1090664863586426,-0.9874308109283447
-2.225065231323242,-1.1675463914871216,-2.188185930252075,-1.3840603828430176,-0.5047826170921326
-0.6607765555381775,-0.9752558469772339,1.174436330795288
-0.0561676099896431,-1.007460355758667,0.27410778403282166,-0.09370854496955872,-0.6869798302650452,0.4789625406265259
0.24216915667057037,3.0046141147613525,0.4164884090423584,-1.192901372909546,-0.13137200474739075,2.3043322563171387,3.9882471561431885
0.018601620569825172,-0.23795343935489655,-0.8121212720870972,0.6466820240020752
0.5786473155021667,1.4764103889465332,0.9315861463546753,0.7187645435333252
0.3116052746772766,-2.2791364192962646,0.84403395652771
-0.005309809930622578,-0.8047345876693726,0.14128196239471436,-1.3024797439575195,0.3657999336719513
0.31144189834594727,1.5558916330337524,0.8175627589225769,1.6103595495224,2.0348048210144043,3.316383123397827,-1.0135341882705688
-0.06156998127698898,0.24821920692920685,1.11403226852417,0.5629432797431946,-0.26770567893981934
-0.7790732383728027,-0.5319505929946899,0.2280486673116684
-3.142665386199951,-0.4246467053890228,-0.32433488965034485,-1.7184635400772095,-0.01871269755065441
-0.26811349391937256,-0.217440664768219
-2.452976942062378,-1.8730113506317139,-3.274874210357666,-0.9802410006523132
0.43918830156326294,-0.6805481314659119,0.38435614109039307,-0.7034841179847717,-1.7719383239746094,-0.576947033405304
0.7616121768951416,-0.8654297590255737,-0.5609257817268372,1.8219590187072754,-0.7771948575973511,-0.27541396021842957
-1.3128740787506104,0.7137517929077148,0.4095601439476013,-2.689528703689575,1.6154617071151733,-1.7715671062469482
-2.0436980724334717,-1.6754752397537231,-1.2482835054397583,-0.757003903388977
1.589363932609558,0.3788469731807709,1.6444741487503052,0.27876439690589905,-0.7772239446640015,2.0406301021575928,0.7060417532920837,2.5589442253112793,-0.9748834371566772
-1.3680427074432373,-2.0490596294403076,-0.1309587061405182,-0.30137065052986145,-0.8079923987388611,-1.347052812576294,-2.3178539276123047,-0.8801649212837219
-0.4184715449810028,-1.1430091857910156,-2.5230538845062256,-3.962293863296509,-4.2163801193237305
-1.3494991064071655,-2.633652925491333,-3.5706369876861572,-1.6605650186538696,-1.3635942935943604
2.153480291366577,-1.3471580743789673,1.0991148948669434,0.25538256764411926
1.286385416984558,2.0904486179351807,-0.8329933881759644
-1.2730848789215088,-0.39026519656181335,-0.9187518954277039,-1.7313225269317627,-1.8404967784881592,-3.3770029544830322
-1.7822294235229492,-0.4385043978691101,-0.1590406894683838,-1.5141681432724,-2.847832202911377
-1.6614965200424194,-2.848670244216919,-2.6207802295684814,-0.07997573912143707
1.3929612636566162,1.0646777153015137,1.974708914756775,2.2127904891967773,0.7732533812522888
-0.9944390654563904,-0.911672055721283,0.08558972179889679,-0.19158436357975006,1.0172444581985474
-0.9488664269447327,-1.1366785764694214,-2.512388229370117,0.04728357493877411,0.29672151803970337,-1.411959171295166,-1.5102490186691284
2.4162631034851074,2.0823614597320557
-1.4676259756088257,0.5005127787590027,-4.301893711090088
1.054856538772583,-0.18133963644504547,-1.2587649822235107,-0.25538337230682373
2.3687446117401123,1.4197512865066528,-2.411163568496704,2.637528896331787
-0.391591876745224,0.8525868654251099,-0.12507286667823792,-1.163164734840393
-0.0020385468378663063,-0.5241515636444092,0.13727812469005585,-0.29518964886665344,2.0027389526367188,1.4862220287322998
-0.9867530465126038,0.41482773423194885,-1.3621125221252441,-0.05368639528751373,-1.5612822771072388,-2.394652843475342,-2.738455057144165,2.295438289642334
-1.3934012651443481,-0.42374107241630554,-1.8836489915847778
-1.935086965560913,-3.618830680847168,-1.6362860202789307
-2.5721209049224854,-3.401759624481201,-2.7722723484039307,-2.363140821456909,-1.3239285945892334,-0.5820974707603455
-0.48837345838546753,-1.1485071182250977,-0.7025262713432312,-0.2274317890405655
-0.45881539583206177,1.4869720935821533,1.7900668382644653,-0.39721688628196716,0.43802496790885925,1.4709703922271729,-3.5440986156463623
-0.9724735617637634,-0.7868663668632507,-0.6985926628112793,-0.2135874629020691,-2.1982691287994385,0.9462316632270813,0.871138870716095,-2.171647548675537
-1.8266700506210327,-1.7574983835220337,-3.300469160079956,-2.238995313644409,-3.944695234298706,-3.808251142501831
-1.8213958740234375,-1.547844409942627,-0.9317139387130737,-0.5498988628387451,-2.4135451316833496,-1.0757700204849243,-2.1236016750335693
0.937462329864502,0.2896353304386139,0.003991023637354374,0.4739716053009033,0.9840742945671082,-1.0872644186019897
-0.1146920770406723,-0.841191828250885,-0.2160910815000534,0.8078262209892273,-0.30592459440231323,-0.9753407835960388
-2.220367670059204,-2.75449538230896,-0.7493953108787537,-1.3617537021636963,-1.1726717948913574
2.8108367919921875,-0.4494950771331787,-0.37305018305778503,2.3321070671081543,-1.3996940851211548,0.9500700831413269,1.9364736080169678
-1.3754360675811768,-0.19386431574821472,0.2172715812921524,-1.431982398033142,0.06887409836053848,-0.8885408639907837
-1.2365940809249878,0.3701711893081665,-0.890188455581665,1.4467501640319824,-1.1272135972976685,-0.6128889918327332
1.9672783613204956,2.421543836593628,0.9130555987358093,0.4495735466480255
1.6765447854995728,1.5179173946380615,1.3249765634536743,0.9025638103485107
0.9150944352149963,-0.6237924695014954,-2.5801947116851807,-0.834069550037384
0.2482886016368866,1.5666069984436035,0.6666806936264038,2.539618730545044,2.3636324405670166,-0.12203441560268402
1.4581310749053955,2.097231149673462,3.280151844024658,1.882047414779663,1.0081899166107178,1.164374589920044,4.5338358879089355,0.730025589466095,0.7660178542137146
-0.6507129669189453,-0.43085840344429016,-0.06608432531356812,-0.22390805184841156,-0.8782434463500977,0.39686813950538635,-0.9525715708732605
0.6380171775817871,-1.4657135009765625,-2.188807487487793,1.012661337852478,-2.425549030303955,-0.12426262348890305,-3.275634765625,2.218247175216675
1.740243911743164,-0.31677544116973877,0.46517428755760193,-0.7577780485153198,0.33804184198379517,0.23287756741046906,-1.937619924545288,0.7541723251342773
-0.9204272031784058,-0.9502921104431152,-0.8132374882698059,0.10290388762950897,-0.34598517417907715
1.1567548513412476,1.047480583190918,-1.4399454593658447,-0.2007429003715515
0.45633843541145325,-0.09496995806694031,0.13798488676548004,2.167074680328369,1.3486236333847046
1.0146855115890503,2.705606460571289,1.3147032260894775,-0.02311532199382782
0.47045984864234924,-0.015872985124588013,-0.8729960918426514,0.051041603088378906
-1.6900904178619385,-2.2697224617004395,-2.558666467666626,-3.2577831745147705,-2.7667574882507324
-1.0092582702636719,0.149710014462471,-0.6998347043991089,-0.9193114638328552,1.319602370262146,2.0434014797210693,0.531765878200531
1.7096821069717407,1.427578091621399,1.9960176944732666,2.068305730819702,-1.3091742992401123,-1.8961225748062134,1.6861603260040283
1.597517967224121,-0.2636837363243103,0.24467135965824127,0.40227749943733215,4.0463995933532715,1.5114909410476685
-0.8154689073562622,-1.4714913368225098,-0.9987348914146423,-0.09235505014657974,0.24540303647518158,0.6518489122390747
0.19716285169124603,-0.19418488442897797,0.4200233221054077,-0.11507487297058105,0.9163154363632202,0.21552588045597076,-0.026942463591694832,-0.39016392827033997
1.8248978853225708,-0.7511073350906372,1.1060733795166016,1.0736604928970337,0.07582329213619232,0.845382809638977
-0.8045511841773987,-0.3558441698551178,-0.5434890985488892,-0.2469690442085266,-1.1135505437850952,-0.8450559377670288,0.33372437953948975,-3.2926383018493652
-1.5324745178222656,-3.051746368408203,-1.8969964981079102,-2.124439001083374
-0.1287156492471695,-0.8153484463691711,-1.462242841720581,-0.6067831516265869,4.262688159942627,-0.9434102773666382
-1.4943935871124268,-1.8602324724197388,-1.4851830005645752,-1.4140217304229736,-2.514202356338501
-2.0274722576141357,-0.855984628200531,-2.408188819885254,-0.5095850825309753,4.061704635620117,-1.730041742324829
0.1918802112340927,0.17634820938110352,1.9750158786773682,1.2974565029144287,1.9359791278839111,2.9820199012756348,3.9381518363952637
0.39216941595077515,0.22419068217277527,2.7312817573547363,0.41348975896835327,0.20174868404865265,1.6806343793869019
-1.309611439704895,-0.11157119274139404,0.15345872938632965,-1.9321163892745972,-0.2763526737689972,0.6664961576461792
-0.4780619442462921,0.28962793946266174,2.0136172771453857
2.150587320327759,2.136643171310425,-1.108639121055603,1.10386323928833,3.7480523586273193,0.4263318181037903
0.26239365339279175,0.23234228789806366,-1.2070200443267822,-0.07924610376358032,-0.4106728434562683
-0.2770031690597534,1.446433663368225,-1.9185197353363037,-2.186213970184326,1.562436819076538
-1.1442787647247314,-2.447467803955078,-1.0264091491699219,-1.2779737710952759,-2.6145520210266113,-1.6883517503738403,-0.1718604862689972,-0.7369524836540222,-0.6142276525497437
0.12672729790210724,-0.03827463835477829,-0.4863133728504181,-0.5647799372673035
1.242284893989563,-1.229225754737854,-0.4168727993965149,-0.3774472773075104,-0.028915297240018845
0.15857599675655365,0.5467942357063293,0.192979633808136,-0.06740965694189072
1.260542631149292,-0.16835792362689972,3.173192024230957,0.04508015513420105,1.6090883016586304
-0.630361020565033,-2.6625683307647705,-0.15240731835365295,0.4415424168109894,-0.3324354588985443,1.0032532215118408,2.599005699157715
-0.1303015649318695,0.14758116006851196,3.1680517196655273,1.5147693157196045,-1.9555140733718872,2.5820393562316895,0.7790611386299133
0.44556713104248047,-0.4365885853767395,-1.2132513523101807,0.9064321517944336
-0.69488126039505,-1.8980807065963745,-2.392066240310669,-1.4485713243484497,0.12935714423656464,-3.452892780303955,-0.6033190488815308,1.6773635149002075
-0.8423163294792175,1.3965468406677246,1.1355880498886108,-0.23590978980064392,-0.9513512253761292,1.174038052558899,1.8392655849456787,-0.2082202285528183
-1.38931405544281,3.066974639892578,-2.1496219635009766,-1.6259369850158691,-2.583693742752075,-3.1248562335968018,-1.9200398921966553,-1.6302084922790527
0.05750676617026329,2.6806912422180176,1.8873963356018066,1.8261228799819946,3.1680514812469482
2.0317459106445312,0.34850794076919556,3.415119171142578,1.551247239112854,2.103308916091919,-0.14654329419136047,1.7389627695083618
-0.6967920660972595,1.4509423971176147,0.905314028263092,-1.1149522066116333,0.15297895669937134
0.23408742249011993,0.10402685403823853,0.9943689107894897,1.2592995166778564,4.316272258758545,-0.18552105128765106,2.7703120708465576,-3.5124809741973877
0.2391563057899475,1.0757734775543213,0.1928127259016037,-0.3337090015411377
0.9699077606201172,-2.0803608894348145,-0.950899064540863,0.9767720699310303,1.3143612146377563,-3.202341318130493,-3.3449151515960693
0.4380556046962738,1.7387597560882568,-0.1272699534893036,0.9007495045661926,-0.454534649848938,1.3193057775497437
-1.297912359237671,1.0204062461853027,0.37980276346206665,-0.1713479459285736,1.9113848209381104,0.6335448026657104,1.3327999114990234
-0.08930129557847977,0.786984920501709,-1.457704782485962,-0.5169148445129395
-0.07977742701768875,1.652329683303833,1.217733383178711,1.2748116254806519,0.8396401405334473,1.861001968383789,-1.6197245121002197
0.8844336867332458,0.10322392731904984,4.495883941650391
-0.13035765290260315,0.4806116819381714,0.14269617199897766,-1.78738534450531,1.171685814857483
-1.688504695892334,-0.5879213809967041,-0.5975691676139832,0.3553154170513153,-0.6550304889678955
0.0723290666937828,-1.6218202114105225,0.2503693103790283,-1.516726016998291,-1.9363352060317993,3.5287017822265625,-1.5551726818084717,-2.154444694519043
-2.3185007572174072,-2.3052589893341064,-2.434044122695923,-2.2129321098327637,-1.9252066612243652,-2.0506439208984375,1.70278000831604
-1.1586933135986328,-0.21883204579353333,1.7345539331436157,0.6837549209594727,1.824333906173706
-0.7774460315704346,0.5624384880065918,1.1343164443969727,0.11414089053869247,-0.9858905673027039,1.0615460872650146,-0.3182550072669983
0.6862838864326477,-1.1042274236679077,-0.3948121666908264,-0.5842443108558655,0.574481725692749
0.7570648193359375,1.2565053701400757,0.1976211965084076,0.3261868357658386,1.3324077129364014,0.582997739315033,2.4742772579193115,1.1198971271514893
-0.6082002520561218,-0.9556640386581421,-0.7551102042198181,1.2283508777618408,3.296786308288574,-2.8032610416412354,-4.406304359436035
-0.3381761610507965,0.49416422843933105,0.6283732056617737,0.39237290620803833
-0.5732883214950562,-2.6050589084625244,-1.3833283185958862,-2.8167974948883057,-1.963329792022705,-0.39416202902793884,-1.1764239072799683,-1.0532193183898926
-0.05373901501297951,0.14915502071380615,-0.22972874343395233,0.4153742790222168,1.3427711725234985,-1.472216010093689
0.8541087508201599,-1.813704013824463,0.9411342740058899,-0.1877136379480362,0.7521819472312927,-0.9955693483352661,-1.013458013534546
1.4160065650939941,0.7161182761192322,0.47203579545021057,1.470488429069519,0.538338840007782,3.080672025680542,-0.3691004812717438,2.0259482860565186
-0.8408327102661133,-0.04405050724744797,0.6056473255157471,-1.7770678997039795,-2.105031728744507,-1.7456902265548706,0.4569908082485199,-1.161522626876831
0.24878142774105072,1.024948000907898,-0.49032920598983765,-2.2127513885498047
0.8520777225494385,2.264225959777832,1.6848732233047485,2.0045859813690186,2.7628633975982666,-0.5747968554496765
0.7187488675117493,1.1703609228134155,0.09915658831596375,0.21029314398765564,0.5053938627243042,0.9100933074951172
2.14131236076355,0.36364877223968506,1.4771424531936646,-0.8466039299964905,-0.12373246997594833,-2.846883773803711,1.0415706634521484
0.9917264580726624,1.204077124595642,1.2516180276870728,-0.17840708792209625,0.3388521373271942,1.5896053314208984,1.9977858066558838
0.19265159964561462,0.6153845191001892,2.719742774963379,0.5743524432182312,1.0591868162155151
1.2381763458251953,1.6983435153961182,1.6289316415786743,1.2226004600524902
1.9710413217544556,0.5362493991851807,0.6317234039306641,3.219641923904419,1.2787119150161743,-3.505998373031616
-1.5489842891693115,-2.0855727195739746,-1.7097231149673462,-2.0360350608825684,-1.8437180519104004,-0.6135900616645813
-1.6583703756332397,0.05420224368572235,-0.00995207391679287,-1.7590057849884033,0.5247864127159119,-0.5561301112174988,1.7451276779174805
0.4371364116668701,2.522629976272583,1.0679439306259155,2.646289825439453,4.270275592803955,0.354757159948349,-1.7706499099731445
0.25141671299934387,0.49499979615211487,2.890275716781616,-2.4613614082336426
1.2034235000610352,0.8263828158378601,1.4669469594955444,0.015291977673768997,1.0971344709396362
0.4086717367172241,-1.7723963260650635,0.7959491014480591
-1.8679441213607788,-2.7820050716400146,-0.025614315643906593,-1.2324544191360474,-4.047589302062988,-1.4113367795944214
-0.14031538367271423,-3.412686347961426,1.1514948606491089,-3.50842547416687
-1.5252960920333862,-0.4626966416835785,-0.06933469325304031,-0.7513794898986816,-0.6460886001586914,-0.8576314449310303,2.0571248531341553,-1.2743417024612427
-0.7905460000038147,-0.20414003729820251,0.9008272290229797,0.17259153723716736,2.201029062271118,-0.08413618803024292,-2.284140110015869,0.34237125515937805
2.3827080726623535,2.9133946895599365,0.5621472001075745,0.06148963049054146,0.9584094882011414
2.2504446506500244,2.0210485458374023,0.9046193957328796
1.96751868724823,2.1003527641296387,2.0371909141540527,-3.8577351570129395
0.7159854769706726,0.19022324681282043,1.156959891319275
-0.2983855903148651,0.23121419548988342,0.5819685459136963,-0.3088732361793518,-1.3423603773117065,0.8416204452514648
0.3309277594089508,0.7943983674049377,1.1178127527236938,-0.03066326305270195,-4.220912933349609,-1.4560091495513916,0.6383891701698303
-2.2275917530059814,-1.1497223377227783,-1.851631760597229,-2.110062837600708,-2.331904411315918
0.5083471536636353,2.032971143722534,1.5056053400039673,0.9567740559577942,-0.17706027626991272,0.005978078115731478
-0.7495262026786804,-0.46203964948654175,0.6588396430015564,-0.49890583753585815
1.3456530570983887,1.5368684530258179,2.0150139331817627,0.7785152196884155,-0.18119026720523834
0.13861921429634094,-1.8775346279144287,-0.6037389636039734,1.3690366744995117,0.026423223316669464,0.02148592099547386,-2.529404401779175,1.3963727951049805,3.490949869155884,-2.0900163650512695
1.9167165756225586,1.6225935220718384,2.033773422241211,-0.8147112131118774
-2.397023916244507,0.3879937529563904,1.6928300857543945,0.5738216042518616,0.5041755437850952,1.762258768081665
0.397930383682251,0.7876966595649719,1.3816907405853271,0.25033652782440186,-2.3285529613494873,3.308272361755371,-2.6696419715881348,1.2442430257797241
0.5913087725639343,0.2365250438451767,0.13808274269104004,2.0380873680114746,1.7019182443618774,-0.10160402953624725,-0.8025647401809692
-1.194402813911438,0.35950011014938354,-0.2126961499452591,0.9180105328559875
-0.7518182396888733,1.16131591796875,-0.9548669457435608,-0.39698526263237,-1.3445476293563843,-0.42899855971336365,-2.9003326892852783
-1.5851694345474243,-2.466885805130005
0.6680874228477478,0.54239821434021,0.7446339130401611,0.9997692704200745,-1.200187087059021,0.9095746278762817,-2.8874313831329346
-2.2438292503356934,-0.34476926922798157,-0.865300714969635,-0.6154259443283081,-0.09527244418859482,-4.46774959564209,-3.645059108734131,-4.033241271972656
-1.778754472732544,-0.288822740316391,-0.5637601017951965,-0.872025728225708
1.561158299446106,2.900224447250366,0.8761298656463623,4.040634632110596,-0.019230253994464874,1.7295459508895874
-0.1999594271183014,0.7792585492134094,1.5396672487258911,-0.809237003326416,0.018239149823784828,1.4822601079940796
0.011509930714964867,1.414467453956604,0.20004498958587646
-0.8341145515441895,0.3863953948020935,-0.5530616641044617,1.8748607635498047,-0.06649111956357956,2.224832534790039,1.475954294204712
-1.1454819440841675,-0.2961578369140625,-1.2970004081726074,-1.5163013935089111,-0.37347668409347534,-0.2756955027580261,1.6463603973388672,0.5354480743408203,0.8167727589607239
0.08558792620897293,0.9152007102966309,-0.48047491908073425
1.444308876991272,1.5817110538482666,1.1153315305709839,-2.3553552627563477,-1.3383358716964722,0.33071082830429077,1.508363127708435
-2.2639036178588867,1.5927937030792236,0.9380565285682678,1.032705545425415,-4.082102298736572,-1.4911715984344482
2.727161169052124,0.9007693529129028,0.057325124740600586,1.2124207019805908,1.5523587465286255,1.6427116394042969,0.9377699494361877,0.4284733235836029,3.8487250804901123,-0.826284646987915
-0.23364657163619995,-0.19906467199325562,0.7866437435150146,-1.3316017389297485,1.9586445093154907
-1.5651253461837769,1.5947014093399048,0.6810078620910645,-2.275078296661377,-1.9284268617630005,0.23732654750347137,-1.4912141561508179
-0.43468594551086426,-0.30354195833206177,-1.5595438480377197,-0.5642772912979126,-2.180929660797119
0.9206799268722534,0.439238578081131,0.4953654706478119,0.08359114825725555
2.874760389328003,1.3629671335220337,-1.1291486024856567,2.0284502506256104,-0.028450699523091316,1.421524167060852,1.5310537815093994
0.3718460202217102,1.0702630281448364,1.266112208366394,-1.6544204950332642,-2.4992573261260986
1.888258695602417,0.43025219440460205,1.0352466106414795,1.0472583770751953,-3.9488401412963867
0.35414931178092957,-2.5650463104248047,1.2691693305969238,-2.1561174392700195,-2.8941800594329834,-0.25125110149383545,-3.1925368309020996
2.897630214691162,2.075300693511963,2.3945326805114746,2.4389004707336426,0.8077525496482849,2.916527509689331
0.929286003112793,-1.4090197086334229,-0.9261220693588257,-0.9750476479530334,-2.1856555938720703,-0.13714301586151123,-2.777745008468628
-1.0418623685836792,0.9287839531898499,0.3564334213733673,-0.29658743739128113,1.5387213230133057,-1.9316262006759644,-2.3698959350585938
1.7923564910888672,1.2359102964401245,2.7421162128448486,-2.403764009475708,4.483886241912842
-0.034223198890686035,-0.7385236024856567,0.35205909609794617,-0.11213488131761551
-1.464865803718567,0.6276336312294006,-2.681094169616699,0.5700454115867615,-1.8753889799118042
0.454379141330719,0.9961603879928589
-1.7388933897018433,-1.3495663404464722,-0.489952951669693,0.6102966666221619,-1.3577401638031006,0.3388807773590088
0.31522053480148315,0.6263736486434937,-2.012359380722046,-1.2404290437698364,-1.0897014141082764,-0.541511058807373,-0.33484897017478943
1.429168701171875,2.047959804534912,1.3521548509597778,-0.33895277976989746,1.0924090147018433,0.10369473695755005
-0.8701255321502686,-2.1722254753112793,-0.7683984041213989,-2.0952277183532715,-1.4230047464370728,0.5786457657814026,0.06493837386369705
1.4273865222930908,-1.827718734741211,0.6543200612068176,-0.13554221391677856,-1.3519409894943237,-3.4058237075805664,-0.09051595628261566,-1.6812773942947388
0.25782614946365356,-2.1890363693237305,0.14717170596122742,-0.010906968265771866,-0.20707611739635468,-0.8139346241950989,1.0977095365524292
0.20527279376983643,0.14029213786125183,-3.7759029865264893,1.9728288650512695,-4.1004638671875
-0.6575199365615845,0.4628179371356964,1.0784809589385986,-0.04105054959654808
-2.220064163208008,-0.8826174736022949,-1.9582663774490356,-1.320227026939392,-0.9761151075363159,0.31423288583755493
-0.9223610162734985,1.5643433332443237
0.048227377235889435,-0.5412460565567017,-0.9281066656112671,-1.3184465169906616,-1.3971192836761475,1.8940997123718262,-2.1293458938598633,2.7420120239257812
2.3216984272003174,2.469167709350586,2.2252416610717773,1.710189938545227,-2.473924160003662,2.4715421199798584
1.9253475666046143,2.134894371032715,1.5341750383377075,3.5574612617492676,0.8791587352752686,0.10287842154502869
2.8633902072906494,2.737032651901245,1.3038767576217651,0.4805392324924469,-1.4753533601760864,2.780358076095581,4.476999282836914
-2.1752395629882812,-1.8989311456680298,-0.39757460355758667,-3.8339364528656006
-2.145317554473877,-0.9734857678413391,-3.3710529804229736,-1.8165513277053833,-2.286726236343384,-2.4864604473114014,-0.394955039024353
0.3375377655029297,3.4111270904541016,-1.242211937904358,1.9620516300201416,2.3833534717559814
-1.5837090015411377,-0.49429112672805786,-0.29769614338874817,1.0026941299438477,-2.227928638458252,3.335939884185791,2.684577226638794
0.9619588255882263,0.5697906613349915,0.8502267003059387,1.533780574798584,1.6502304077148438,2.4977777004241943
0.05235406756401062,3.419339418411255,-0.977094292640686,0.7124438285827637,1.0595563650131226,-2.207711696624756
1.8803751468658447,0.4786776006221771,2.2554824352264404,-0.6949182748794556,2.6131417751312256,-1.1417595148086548
-0.9391225576400757,-1.2233521938323975,-0.9169742465019226,-1.9377598762512207,2.4629404544830322
-0.3298783004283905,-0.9844549894332886,-3.1456005573272705,0.1427994668483734,-0.053021639585494995,-1.2609368562698364,0.08172396570444107
0.8541494607925415,1.6346487998962402,1.7296351194381714,1.147339940071106,3.0070791244506836,-2.27414608001709,0.22346428036689758,-4.711999893188477,-0.24861204624176025
-0.5364943742752075,-1.4366105794906616,1.5800049304962158,-1.1416672468185425,0.48714643716812134
0.4058116376399994,1.7387313842773438,1.816857099533081,1.6824512481689453,-3.2634963989257812,1.1197841167449951,0.7352312207221985
-1.7982704639434814,-1.3905937671661377,0.744819700717926,-0.7377148270606995,0.5221472978591919,-0.7270872592926025,-4.00711727142334,-1.6638895273208618,0.9961048364639282
-0.1574990153312683,-0.5532519817352295,1.1508702039718628,1.271471381187439,1.4439295530319214,-2.207390069961548
0.058026257902383804,0.5763558745384216
-0.668940007686615,0.7766535878181458,-0.41190430521965027,-0.7063031792640686
-2.147343397140503,-2.1105313301086426,-1.7208530902862549,-1.050571084022522,-1.9338406324386597
-0.030094610527157784,-0.1274605691432953,-0.4353712797164917,3.9191789627075195,0.4135338068008423,0.03276461735367775,-0.7579336762428284,1.6775944232940674
-2.336893320083618,-1.857635736465454,-2.8803184032440186,-2.6976945400238037,-0.24981196224689484
-0.506239652633667,0.24969623982906342,-0.000538873951882124,0.854557991027832,0.8919645547866821,-0.44047829508781433
1.1488404273986816,1.106648564338684,1.2984944581985474,0.7769414186477661,0.6814126372337341
1.0839693546295166,0.6735628843307495,-3.9853811264038086,-0.37347906827926636
-0.18795467913150787,-0.8329908847808838,0.4392194449901581,-2.333606481552124,0.38178983330726624,-1.2556676864624023
-1.72852623462677,-1.5423007011413574,-2.890312433242798,-1.4784868955612183,1.2862884998321533
2.0160629749298096,0.18453143537044525,0.98654705286026,2.1544320583343506,-3.161588191986084,-2.4546587467193604
-0.01942623034119606,-0.588325560092926,-0.8812004327774048,0.44383713603019714,2.158644199371338,-4.5357794761657715,-2.629157781600952,0.8962125182151794
-1.4505813121795654,0.7903180122375488,-1.548081874847412,2.0319395065307617,-0.9034165143966675,-0.21639478206634521,0.82716965675354,0.26199910044670105
1.3321632146835327,0.7999563813209534,0.35196173191070557,2.701665163040161,0.3102622926235199,2.026712417602539,2.3101534843444824,0.1432928740978241,2.0205888748168945
0.081684410572052,0.9988561272621155,0.9425158500671387,-1.7816509008407593,0.4167287349700928
-1.1626207828521729,-0.26477354764938354,-0.13946141302585602,1.1083327531814575,3.130025625228882,1.9069167375564575
-0.741124153137207,0.13678014278411865,1.5604385137557983,-1.129760980606079,-0.24079471826553345,-0.17990705370903015,1.6096439361572266,-0.0077514625154435635
0.7320626974105835
-0.3988690674304962,-1.4022245407104492,-0.9252899885177612,-2.7771220207214355,1.2601416110992432,-0.16515441238880157,-1.2337878942489624,-1.2699697017669678,-1.7369561195373535
-0.845930278301239,-1.1520991325378418,-0.03449542075395584,-0.5474483966827393,-1.7250137329101562,-5.085160732269287,0.9883559942245483,-1.011936902999878,-0.2583688199520111
1.468407154083252,0.12899009883403778,1.8536096811294556,1.592499852180481,-0.962169885635376,1.627120852470398,0.2553199827671051
1.0416232347488403,2.350989818572998
-1.2900527715682983,-1.1020629405975342,-2.1896088123321533,-0.9368006587028503,-0.8082067370414734,-1.090663194656372
-0.0739065483212471,-0.35011494159698486,0.7106287479400635
0.5456352233886719,-1.7095447778701782,-0.11923587322235107,-0.8184677362442017,-2.4108290672302246,-1.2289916276931763
1.0563875436782837,0.32023870944976807,-0.8490598201751709,0.5444469451904297,2.1894240379333496,2.0503787994384766
-0.6819300651550293,1.281247615814209,-0.02145867608487606,2.445019245147705,1.8110535144805908
1.2023401260375977,2.036750316619873,2.087632417678833,-0.669153094291687
0.7403164505958557,1.7018983364105225,2.2154273986816406,2.5210483074188232,0.49369457364082336,-0.3388265073299408,0.9726041555404663,-2.4149885177612305
-1.6894769668579102,-1.4243664741516113,0.6418355107307434,-1.4722334146499634
-2.1229119300842285,-0.5029676556587219,-1.025134563446045
0.6744548082351685,1.5452215671539307,0.18626591563224792,1.784919023513794,1.1329872608184814
-1.6244831085205078,-3.9109811782836914,-2.458096504211426,-3.5154364109039307,2.046722888946533
-1.4518712759017944,-2.355971097946167,-2.938602924346924,-1.2854418754577637,-2.688185214996338,-1.9824798107147217,-3.049027681350708
-0.9292123913764954,-0.8316787481307983,-1.5125572681427002,-1.4604594707489014,0.03174008056521416,-1.2856037616729736,2.4084010124206543
2.2337827682495117,2.3730790615081787,4.143454551696777
-1.5392580032348633,-1.0991381406784058,0.2643294930458069,-0.9491558074951172,-0.5532706379890442,-0.44624897837638855,-1.3968881368637085
-1.153976321220398,-0.18882152438163757,-1.089848518371582,0.3451859951019287,0.690261960029602,-1.2601509094238281,0.6220704317092896
-2.139238119125366,-1.9424763917922974,-0.2801939845085144,-1.6833186149597168,-0.8536162972450256,-1.533155083656311
1.3658360242843628,-0.2470856010913849,0.30266886949539185,1.1165589094161987,0.9642118215560913,-0.2957358658313751
1.739665150642395,1.902381420135498,1.49691641330719,1.081721544265747,-1.6905425786972046
0.914700448513031,1.8887368440628052,0.5440675020217896,-0.10455691814422607,0.7355561256408691,-4.651578426361084
1.1789393424987793,-1.6641722917556763,0.14259450137615204,2.0118417739868164
1.4052256345748901,0.3057093322277069,-0.10526424646377563,-1.0326669216156006,-0.04033053666353226,0.7099829316139221,-2.0715065002441406,-0.668458104133606
-1.1038386821746826,-2.693326711654663,-0.6983028054237366,-2.0741448402404785,-0.47127029299736023
1.2566452026367188,-0.5164397358894348,-1.6029157638549805,-0.0675821602344513,-1.189383864402771,-0.10566447675228119
-0.43252333998680115,1.1260119676589966,0.5418714880943298,-0.35752201080322266,1.3212623596191406,-0.8173102736473083
0.7382458448410034,1.6942247152328491,0.9738284945487976,1.4579746723175049,0.31869444251060486,2.7066421508789062
0.7156784534454346,1.6610409021377563,2.2787222862243652
-1.083052396774292,0.34777364134788513,0.5550221800804138,0.13280406594276428,0.03840159624814987,-0.677381694316864,-1.429975152015686
-0.9406624436378479,-1.0834375619888306,-0.37260016798973083,-3.680732250213623,-0.8731353878974915,-0.18552973866462708
-1.385208010673523,-1.8776416778564453,-1.003919005393982,-3.109039068222046,-2.2228543758392334,-0.11012190580368042,-1.7703546285629272
0.010668144561350346,0.4682598412036896,1.0066261291503906,-0.5345693826675415,3.199390411376953,2.0990920066833496,1.6532349586486816,-0.21748022735118866,2.430312156677246
-1.3033417463302612,0.27176040410995483,1.017472743988037,0.8752679824829102,0.8105487823486328,0.30660194158554077,4.103341102600098,-0.5003973245620728
-2.307462692260742,-2.350709915161133,-1.9636601209640503,-2.8167307376861572,-1.3215723037719727,0.7884575128555298,-1.930024266242981
0.37819036841392517,1.7285995483398438,1.7094035148620605,1.946750521659851,1.6943718194961548,1.2458198070526123,0.3011898696422577
1.861346960067749,-0.8255694508552551,-0.6265429258346558,1.5137900114059448,0.6824501752853394,0.8725786805152893,1.218498945236206,-0.9173591136932373,0.2526003420352936
-0.37430238723754883,0.45452263951301575,0.8654506206512451,0.20940576493740082,0.2918887138366699,0.27829450368881226
-0.23489363491535187,0.21510981023311615,0.21580596268177032
1.6271880865097046,0.7473657131195068,1.7253637313842773,1.1570430994033813,0.5036646723747253,1.4891974925994873,2.955876111984253
-0.7299118041992188,1.6022218465805054,0.6747064590454102,0.21150104701519012,1.3064407110214233,-4.562583923339844
-3.5252938270568848,-1.152614951133728,-1.34255850315094,-0.2670646905899048,-1.0154738426208496,2.765097141265869,-2.5613491535186768,-1.7617112398147583
1.475873351097107,0.5654520988464355,0.3893266022205353,1.4447439908981323
-3.0219459533691406,-0.2629461884498596
1.717259168624878,1.3373600244522095,1.8326520919799805,2.4860401153564453,1.6870168447494507,0.8972284197807312,2.863579034805298,-1.5434104204177856
1.4901267290115356,2.6214540004730225,1.042524814605713,-2.289886713027954,0.3392414450645447,-0.26061201095581055,1.5442742109298706
-2.0709590911865234,-2.8353652954101562,-1.0273778438568115,2.3134677410125732,-2.405181407928467
1.2655558586120605,1.8710646629333496,1.2468132972717285,1.8291939496994019,-2.4290311336517334,0.6891174912452698,2.6981468200683594
-0.9484052658081055,-0.5295642018318176,-0.9516524076461792,0.4323912262916565,0.5735158920288086,-1.5898067951202393,2.0277528762817383
-0.6901131868362427,-1.0192322731018066,-0.5527099370956421,-1.248404860496521,-0.9980306029319763,-2.6640729904174805,2.2666900157928467
-0.599943220615387,0.6071407794952393,0.20171326398849487,-0.10048414766788483
-1.6395965814590454,-1.5183942317962646,-0.8523952960968018,-0.2541904151439667,1.3709267377853394,1.5442795753479004,-0.8236497640609741,-3.65262508392334
-0.14155510067939758,-1.3863670825958252,-2.1835479736328125,0.6001080274581909,0.9826334118843079,0.11607005447149277,-2.5306830406188965,0.4551211893558502,-1.5528086423873901,-1.9373043775558472,0.2913806140422821
-0.12087152153253555,-1.2602510452270508,0.36139798164367676,-0.23883190751075745,1.7210345268249512,0.9660852551460266
-0.5167287588119507,-0.6272762417793274,-1.788948893547058,-0.9643331170082092
-2.2455060482025146,-0.5621882677078247,0.005683946888893843,-4.143097400665283,1.04567289352417,1.6019937992095947,-2.524282217025757
0.6728525161743164,-0.26136377453804016,-0.4761274755001068,-0.6568917632102966,-1.5811158418655396,3.8252673149108887
1.555139422416687,1.7526581287384033,1.3211058378219604,0.5083374381065369,1.4967175722122192,-0.7799975872039795,1.703242540359497,-0.3399815857410431
-0.12928256392478943,1.9563686847686768,2.2811965942382812
0.7683735489845276,1.56170654296875,0.5929789543151855,0.8020949363708496,0.1482084095478058
1.8167849779129028,1.6427565813064575,0.5288163423538208,1.1441285610198975,-1.5929447412490845,1.1099536418914795
0.6554837822914124,-0.35521838068962097,1.0227077007293701,-0.1009778305888176,2.181274890899658
1.549791693687439,2.7757325172424316,2.390122413635254,3.960345983505249,3.5231316089630127,-3.71750807762146
-0.1478232741355896,-0.787813663482666,0.9858106374740601,-1.6173486709594727,0.2774723470211029
-1.2146837711334229,0.636145293712616,-2.068345069885254,1.7005412578582764,-1.0132561922073364
0.4825937747955322,1.8336849212646484,-2.267406702041626,-0.6089749932289124,0.2670954763889313,0.4350174367427826
1.5632141828536987,1.354176640510559,1.7308180332183838,0.6934150457382202,2.6171581745147705,0.7632734775543213
-2.7630679607391357,-0.824367344379425,-1.419590711593628,-2.236971616744995,-1.5065100193023682,0.9964448809623718
1.699720025062561,0.8463530540466309,2.199493408203125,-0.9958862066268921,1.622821569442749,1.1330831050872803,0.7846457958221436
-2.161499500274658,-0.35249531269073486,0.9116097092628479,1.3745049238204956
-1.1826355457305908,-0.32894840836524963,-2.336171865463257,-0.5596160292625427,1.9173632860183716,-1.114693284034729
1.3230738639831543,-0.17010916769504547,0.35634031891822815
-0.11288440972566605,-0.1644091159105301,-1.0756281614303589,-0.1201816201210022,-1.9232257604599,-1.7607711553573608
-2.223381996154785,-2.263084888458252,-1.3861219882965088
-1.4335201978683472,-3.891855001449585,0.847279965877533,3.339332342147827,-4.65881872177124,1.1464544534683228
0.539405107498169,0.03630206361413002,0.7519714832305908,4.827483177185059
-1.1714612245559692,-0.1558288335800171,0.08812985569238663
0.22843782603740692,-1.419601559638977,0.007510999217629433,-1.0399105548858643,-0.9226323962211609,1.091097354888916,0.9067180752754211,1.0611499547958374
-1.1925349235534668,-0.9255046248435974,-1.176123857498169,-0.006264599040150642,-2.516343832015991,1.401563286781311,2.64347243309021,0.3062328100204468
-3.113452911376953,-0.21255537867546082,-1.9236268997192383,-0.4567807912826538,-2.186060905456543,-4.14641809463501,-2.259276866912842,-0.4229936897754669
-0.05694258213043213,-2.0078537464141846,-3.681218385696411
-1.263152837753296,-1.3237329721450806,-0.7151147127151489,-0.8293375372886658,-2.288985013961792,-0.8770443797111511
-0.5009135007858276,-1.4659171104431152,0.04828893765807152,-0.9558705687522888,-0.06038369983434677
2.42167067527771,1.0960613489151,1.759395718574524,2.160552501678467,0.8342280983924866,-1.984947681427002,0.12372413277626038
0.5038156509399414,-0.6570903658866882,0.1360679715871811,1.3574016094207764,1.5262092351913452,-0.548272967338562,-0.24178466200828552
-0.47536128759384155,1.7426649332046509,0.6120901107788086,-0.038143523037433624,0.8368736505508423,-1.6201668977737427,1.0495508909225464,0.22643980383872986,-1.462588906288147,1.4062947034835815
-0.22983598709106445,1.9943883419036865,-0.9321795105934143,1.5202032327651978,2.5208754539489746,-0.9173679351806641,0.938441276550293
1.1675082445144653,-1.81156587600708,0.6805104613304138,-1.377765417098999,-0.37141892313957214
-0.7479257583618164,0.25875261425971985,3.177865743637085,-1.024905800819397,-0.6009905338287354,-0.2840932309627533
0.19340555369853973,-0.7639172673225403,0.557002067565918,-0.9520618319511414,2.2131495475769043,-1.6268190145492554
1.860243797302246,0.2991531789302826,1.7910999059677124,1.0324586629867554,1.4811707735061646,0.88337641954422,-0.4305987060070038
0.2907010018825531,1.4981926679611206,1.1097149848937988
-1.992301106452942,0.0421571210026741,-0.5025518536567688,-2.124160051345825,-0.340431809425354,3.761892795562744,1.4810645580291748
-0.7349902391433716,-0.8029863834381104,0.2675536870956421,0.7553130388259888,1.038000464439392,-1.1720377206802368,-0.36014920473098755
-1.3799434900283813,-0.25713804364204407,-1.017149806022644,0.38385507464408875,1.2462859153747559,-2.9590330123901367,-1.2615083456039429,-1.567116141319275
-0.4383590519428253,-1.674137830734253,0.4150107800960541,-0.15226908028125763
-0.9096484184265137,0.28887635469436646,0.42780977487564087,-1.5209887027740479,-1.9126687049865723,-0.9460516571998596
-0.3384729325771332,0.15246078372001648,0.05409621447324753,-2.48360276222229
1.014402985572815,0.18967227637767792,-0.41898444294929504,0.85272216796875,0.8609080910682678,0.12280232459306717
-0.23894765973091125,-0.6276790499687195,0.332071453332901,0.9111042022705078,0.6317942142486572,1.2565829753875732,1.3898006677627563
-0.6122099757194519,0.38945579528808594,-0.09977081418037415,1.756242036819458
-1.8743090629577637,1.0965206623077393,1.417891025543213,-0.00740330945700407,0.24198269844055176
-0.6863504648208618,-0.5129604339599609,-0.6309958696365356,0.07198623567819595,-1.1893656253814697,-1.3281298875808716
0.5111725330352783,-2.401538610458374,0.6373870372772217,2.691851854324341,-1.8166751861572266
-1.8273487091064453,-0.7167656421661377,-0.7004849910736084,0.0999160185456276
-0.45416924357414246,1.4704757928848267,0.10878688097000122,0.559269905090332,0.06722626835107803,-0.8215548396110535,0.05035017803311348,1.3749098777770996,-1.0326945781707764
-0.41690394282341003,-1.9811612367630005,-0.5869364142417908,-0.8233991861343384,0.8605198860168457
0.9401866793632507,-3.170053243637085
0.48557114601135254,0.9116024374961853,-4.277799606323242,2.2400033473968506
-3.027676820755005,-2.009687900543213,-1.0850600004196167,-1.9222640991210938,-3.034820079803467,-3.9003891944885254
0.8680635690689087,-0.6001009941101074,-1.3669672012329102,-0.28210610151290894,-4.248238563537598,-0.5660703182220459
-0.4298938512802124,-2.8149566650390625,-1.8328202962875366,-1.6061484813690186,-3.2157392501831055,0.1987246572971344,-2.091059684753418
-0.9196929931640625,-0.7723674178123474,-1.1199127435684204,0.14015941321849823
0.8718424439430237,-2.350609540939331,0.2745116353034973,-0.9815332889556885,-2.1333513259887695,-0.6631959080696106
-0.16529244184494019,0.8054787516593933,0.4097250998020172,1.3808411359786987,0.4673248529434204,-1.7446751594543457
0.23410972952842712,-0.11370223015546799,1.159120798110962,0.04711832106113434,-0.6584981083869934
1.838773250579834,1.302668809890747,2.328338861465454,2.5924365520477295,-1.7163723707199097,0.08947144448757172,2.5136289596557617,4.316025257110596
-1.336746335029602,-0.6568562984466553,-0.08212395012378693,-1.4121911525726318
-0.605767011642456,-1.8754819631576538,-0.9011633992195129,-2.5738625526428223,-3.360778570175171,0.9050267934799194,-2.7814977169036865,-2.4548678398132324,-4.237074375152588,-2.2741827964782715
-0.3331316411495209,-0.3216610252857208,-0.7226757407188416,-0.5790303349494934,0.12108074128627777,4.454895973205566
-1.0425913333892822,-0.8327699899673462,-0.7122988104820251,-0.3812994658946991,0.060076139867305756,-0.1332792043685913
2.214689254760742,-1.1619302034378052,-0.787730872631073,0.7421320080757141
1.6027183532714844,2.301441192626953,2.409571647644043,2.8426156044006348,1.5570058822631836
1.2786263227462769,0.5292563438415527,-0.016118019819259644,0.9229702949523926,-0.28478485345840454,0.09174343943595886,1.101291298866272,-1.725577473640442,2.4472391605377197
1.646395206451416,1.3928186893463135,2.2209012508392334,1.4015253782272339,-0.5348877310752869,1.3724743127822876,-0.5774361491203308
0.5299680233001709,1.2770923376083374,1.484713077545166,1.7165104150772095,0.5954052805900574,1.0021617412567139,4.664096355438232,2.132641553878784
-0.027113940566778183,-0.3884862959384918,0.36224842071533203,0.873349130153656,1.427661418914795
-1.3528591394424438,-2.2208220958709717,-1.5211368799209595,-1.1354789733886719
0.8598863482475281,1.0779681205749512,0.06575080752372742,-0.01902007684111595,-3.316190481185913,-1.1166378259658813,-0.6868343353271484
-1.7512173652648926,-1.027425765991211,-0.6995049715042114,0.30509674549102783,-0.07433406263589859,-2.43579363822937,-1.2244799137115479
1.90367591381073,1.541020393371582,1.3116822242736816,1.2379024028778076,-0.1526033878326416,1.4809212684631348
-0.8218476176261902,-0.06616926193237305,0.2686064541339874,1.3242236375808716,-2.8826944828033447
-0.042014509439468384,-0.6030438542366028,-0.4136655926704407,-2.4283411502838135,0.066429503262043
-0.6323567628860474,2.2258219718933105,1.627131700515747,1.502040147781372,2.7025606632232666
-2.01373291015625,-1.1429784297943115,1.1908326148986816,1.3794597387313843,0.8657453656196594,1.068724274635315,0.9561142325401306
-0.7611952424049377,-0.3581356406211853
1.0211777687072754,0.4564080238342285,0.42249977588653564
-2.8110992908477783,-2.2407145500183105,0.9651600122451782,2.762361526489258,2.6442761421203613,-2.1623740196228027,-1.9447190761566162
-1.2013497352600098,1.3900374174118042,5.064425468444824,1.534238576889038,2.232621192932129
-0.2943837642669678,1.3717092275619507,0.3009558320045471,-1.9435478448867798,0.2957595884799957
1.0321508646011353,0.8284422159194946,0.9399289488792419,0.496196985244751
-0.5210035443305969,-0.42789721488952637,0.8971869349479675,0.891319990158081,0.5283579230308533,2.360978603363037,-2.3883683681488037,-0.8698675632476807
1.774343490600586,-1.7294301986694336,0.7463147640228271,0.19485333561897278,1.295790195465088,2.401721239089966,1.0407377481460571,0.09900303930044174,-3.479287624359131,-0.3199900686740875
1.6313711404800415,2.2933974266052246,1.9125399589538574,2.5018434524536133,2.338712215423584
-1.0282421112060547,-0.5176986455917358,-0.3414474427700043,-2.279628038406372
0.3356182873249054,-0.8173931241035461,-2.4127190113067627,-2.3315412998199463,1.0236698389053345,-0.1339040994644165
2.17647385597229,0.26687124371528625,3.416478157043457,-2.613173246383667
0.8009403347969055,-0.04551983252167702,-0.22199290990829468,0.19385506212711334,0.34891533851623535,-0.8855922222137451,0.6924307942390442,-3.3219716548919678
0.33667176961898804,-1.4711227416992188,-0.42481502890586853,0.7376821637153625,-1.2837438583374023,1.2491860389709473
-1.1703184843063354,0.6091020107269287,-0.8597525358200073,0.10321936756372452
-1.667788028717041,-0.348071813583374,-1.8241654634475708,-0.7537340521812439,-0.9045444130897522
0.7939772605895996,0.2902226150035858,1.827736496925354
0.877685546875,3.1326534748077393,1.175722599029541,-1.6913244724273682,0.4918012022972107,-0.8463135957717896,-0.8838342428207397,3.213200569152832
-0.5077961683273315,-1.6234607696533203,-0.0430118702352047,-2.2067220211029053
-0.08508478850126266,0.6176064610481262,2.053036689758301,-0.16527274250984192,0.832932710647583,0.45173436403274536,3.07150936126709,2.582296371459961
-0.4821490943431854,1.2847760915756226,0.19556064903736115,0.4064657986164093
0.7202262878417969,1.5336458683013916,4.243448734283447,1.5320768356323242,1.0638339519500732
-0.467521071434021,-0.23923759162425995,-0.40432414412498474,-1.7000534534454346
0.5730261206626892,2.99440598487854
-0.4751700460910797,-0.27876606583595276,-0.5311504602432251,-1.229409098625183,0.7057729363441467,-0.9172965884208679,1.5596542358398438,1.6446698904037476
1.2199585437774658,-0.6087279319763184
0.8166804313659668,0.4492551386356354,-0.26320239901542664,2.2935519218444824,0.2745364010334015
-0.7941465377807617,-1.2134307622909546,-0.8687700629234314,-1.945359230041504,3.6257495880126953
0.43602022528648376,-0.027435025200247765,-5.167834281921387
-1.337416410446167,1.6547842025756836,0.11561835557222366,-0.9985175132751465,-1.8844212293624878
-1.580098032951355,-1.1671489477157593,-1.6670708656311035,-1.999599575996399
-2.2610299587249756,-0.649888813495636,-1.133471131324768,-1.767189860343933,-1.543867826461792
0.07358368486166,-0.3821319043636322,-0.620447039604187,-2.184107780456543,-0.503606379032135,2.1214194297790527,-1.7947828769683838
-0.08501046895980835,2.237191915512085,1.0819475650787354,0.04888397455215454,-2.007366418838501,1.319057822227478
0.44169214367866516,-0.5500200390815735,-0.28435251116752625,-0.6811352968215942,0.4624217450618744,-2.629711389541626,2.330728054046631,-0.6763721108436584,-0.8608941435813904,0.6237218379974365
-0.4500190317630768,-0.7076561450958252,-1.3031171560287476,-1.785122036933899,-1.0016767978668213,-0.9339560866355896
1.3014779090881348,0.33926883339881897,1.93882417678833,1.3970508575439453,2.423226833343506,1.2679786682128906,-0.7439386248588562,2.1524085998535156
1.4074028730392456,2.85571026802063,2.6870179176330566,2.100987434387207,1.887749433517456,3.1261231899261475,-4.043447971343994
